source,target,homogeneous_matrix
/lidar/89.ply,/lidar/88.ply,"[[ 1.00000000e+00  0.00000000e+00  7.00162422e-18 -2.74463725e-19]
 [ 0.00000000e+00  1.00000000e+00  0.00000000e+00  0.00000000e+00]
 [ 7.00162422e-18  0.00000000e+00  1.00000000e+00 -3.92000079e-02]
 [ 0.00000000e+00  0.00000000e+00  0.00000000e+00  1.00000000e+00]]"
/lidar/90.ply,/lidar/89.ply,"[[ 1.00000000e+00  0.00000000e+00  7.00162422e-18 -4.46004022e-19]
 [ 0.00000000e+00  1.00000000e+00  0.00000000e+00  0.00000000e+00]
 [ 7.00162422e-18  0.00000000e+00  1.00000000e+00 -6.37000799e-02]
 [ 0.00000000e+00  0.00000000e+00  0.00000000e+00  1.00000000e+00]]"
/lidar/91.ply,/lidar/90.ply,"[[ 1.00000000e+00  0.00000000e+00  7.00162422e-18 -6.17543276e-19]
 [ 0.00000000e+00  1.00000000e+00  0.00000000e+00  0.00000000e+00]
 [ 7.00162422e-18  0.00000000e+00  1.00000000e+00 -8.82000029e-02]
 [ 0.00000000e+00  0.00000000e+00  0.00000000e+00  1.00000000e+00]]"
/lidar/92.ply,/lidar/91.ply,"[[ 1.00000000e+00  0.00000000e+00  7.00162422e-18 -7.89082739e-19]
 [ 0.00000000e+00  1.00000000e+00  0.00000000e+00  0.00000000e+00]
 [ 7.00162422e-18  0.00000000e+00  1.00000000e+00 -1.12699956e-01]
 [ 0.00000000e+00  0.00000000e+00  0.00000000e+00  1.00000000e+00]]"
/lidar/93.ply,/lidar/92.ply,"[[ 1.00000000e+00  0.00000000e+00  7.00162422e-18 -8.36185657e-19]
 [ 0.00000000e+00  1.00000000e+00  0.00000000e+00  0.00000000e+00]
 [ 7.00162422e-18  0.00000000e+00  1.00000000e+00 -1.19427383e-01]
 [ 0.00000000e+00  0.00000000e+00  0.00000000e+00  1.00000000e+00]]"
/lidar/94.ply,/lidar/93.ply,"[[ 1.00000000e+00  0.00000000e+00  7.00162422e-18 -3.90027849e-19]
 [ 0.00000000e+00  1.00000000e+00  0.00000000e+00  0.00000000e+00]
 [ 7.00162422e-18  0.00000000e+00  1.00000000e+00 -5.57053387e-02]
 [ 0.00000000e+00  0.00000000e+00  0.00000000e+00  1.00000000e+00]]"
/lidar/95.ply,/lidar/94.ply,"[[ 1.00000000e+00  0.00000000e+00  7.00162422e-18 -1.20001743e-19]
 [ 0.00000000e+00  1.00000000e+00  0.00000000e+00  0.00000000e+00]
 [ 7.00162422e-18  0.00000000e+00  1.00000000e+00 -1.71391293e-02]
 [ 0.00000000e+00  0.00000000e+00  0.00000000e+00  1.00000000e+00]]"
/lidar/96.ply,/lidar/95.ply,"[[1.00000000e+00 0.00000000e+00 7.00162422e-18 3.23179829e-21]
 [0.00000000e+00 1.00000000e+00 0.00000000e+00 0.00000000e+00]
 [7.00162422e-18 0.00000000e+00 1.00000000e+00 4.61578369e-04]
 [0.00000000e+00 0.00000000e+00 0.00000000e+00 1.00000000e+00]]"
/lidar/97.ply,/lidar/96.ply,"[[1.00000000e+00 0.00000000e+00 7.00162422e-18 5.14320833e-20]
 [0.00000000e+00 1.00000000e+00 0.00000000e+00 0.00000000e+00]
 [7.00162422e-18 0.00000000e+00 1.00000000e+00 7.34573603e-03]
 [0.00000000e+00 0.00000000e+00 0.00000000e+00 1.00000000e+00]]"
/lidar/98.ply,/lidar/97.ply,"[[1.00000000e+00 0.00000000e+00 7.00162422e-18 6.33280035e-20]
 [0.00000000e+00 1.00000000e+00 0.00000000e+00 0.00000000e+00]
 [7.00162422e-18 0.00000000e+00 1.00000000e+00 9.04475898e-03]
 [0.00000000e+00 0.00000000e+00 0.00000000e+00 1.00000000e+00]]"
/lidar/99.ply,/lidar/98.ply,"[[1.00000000e+00 0.00000000e+00 7.00162422e-18 5.92439666e-20]
 [0.00000000e+00 1.00000000e+00 0.00000000e+00 0.00000000e+00]
 [7.00162422e-18 0.00000000e+00 1.00000000e+00 8.46146047e-03]
 [0.00000000e+00 0.00000000e+00 0.00000000e+00 1.00000000e+00]]"
/lidar/100.ply,/lidar/99.ply,"[[1.00000000e+00 0.00000000e+00 7.00162422e-18 4.94171130e-20]
 [0.00000000e+00 1.00000000e+00 0.00000000e+00 0.00000000e+00]
 [7.00162422e-18 0.00000000e+00 1.00000000e+00 7.05794990e-03]
 [0.00000000e+00 0.00000000e+00 0.00000000e+00 1.00000000e+00]]"
/lidar/101.ply,/lidar/100.ply,"[[1.00000000e+00 0.00000000e+00 7.00162422e-18 3.86867414e-20]
 [0.00000000e+00 1.00000000e+00 0.00000000e+00 0.00000000e+00]
 [7.00162422e-18 0.00000000e+00 1.00000000e+00 5.52539527e-03]
 [0.00000000e+00 0.00000000e+00 0.00000000e+00 1.00000000e+00]]"
/lidar/102.ply,/lidar/101.ply,"[[1.00000000e+00 0.00000000e+00 7.00162422e-18 2.90861846e-20]
 [0.00000000e+00 1.00000000e+00 0.00000000e+00 0.00000000e+00]
 [7.00162422e-18 0.00000000e+00 1.00000000e+00 4.15420532e-03]
 [0.00000000e+00 0.00000000e+00 0.00000000e+00 1.00000000e+00]]"
/lidar/103.ply,/lidar/102.ply,"[[1.00000000e+00 0.00000000e+00 7.00162422e-18 2.12636594e-20]
 [0.00000000e+00 1.00000000e+00 0.00000000e+00 0.00000000e+00]
 [7.00162422e-18 0.00000000e+00 1.00000000e+00 3.03696096e-03]
 [0.00000000e+00 0.00000000e+00 0.00000000e+00 1.00000000e+00]]"
/lidar/104.ply,/lidar/103.ply,"[[1.00000000e+00 0.00000000e+00 7.00162422e-18 1.52276167e-20]
 [0.00000000e+00 1.00000000e+00 0.00000000e+00 0.00000000e+00]
 [7.00162422e-18 0.00000000e+00 1.00000000e+00 2.17486918e-03]
 [0.00000000e+00 0.00000000e+00 0.00000000e+00 1.00000000e+00]]"
/lidar/105.ply,/lidar/104.ply,"[[1.00000000e+00 0.00000000e+00 7.00162422e-18 1.07330842e-20]
 [0.00000000e+00 1.00000000e+00 0.00000000e+00 0.00000000e+00]
 [7.00162422e-18 0.00000000e+00 1.00000000e+00 1.53294206e-03]
 [0.00000000e+00 0.00000000e+00 0.00000000e+00 1.00000000e+00]]"
/lidar/106.ply,/lidar/105.ply,"[[1.00000000e+00 0.00000000e+00 7.00162422e-18 7.47050790e-21]
 [0.00000000e+00 1.00000000e+00 0.00000000e+00 0.00000000e+00]
 [7.00162422e-18 0.00000000e+00 1.00000000e+00 1.06696784e-03]
 [0.00000000e+00 0.00000000e+00 0.00000000e+00 1.00000000e+00]]"
/lidar/107.ply,/lidar/106.ply,"[[1.00000000e+00 0.00000000e+00 7.00162422e-18 5.14733989e-21]
 [0.00000000e+00 1.00000000e+00 0.00000000e+00 0.00000000e+00]
 [7.00162422e-18 0.00000000e+00 1.00000000e+00 7.35163689e-04]
 [0.00000000e+00 0.00000000e+00 0.00000000e+00 1.00000000e+00]]"
/lidar/108.ply,/lidar/107.ply,"[[1.00000000e+00 0.00000000e+00 7.00162422e-18 3.51683422e-21]
 [0.00000000e+00 1.00000000e+00 0.00000000e+00 0.00000000e+00]
 [7.00162422e-18 0.00000000e+00 1.00000000e+00 5.02288342e-04]
 [0.00000000e+00 0.00000000e+00 0.00000000e+00 1.00000000e+00]]"
/lidar/109.ply,/lidar/108.ply,"[[1.00000000e+00 0.00000000e+00 7.00162422e-18 2.38482842e-21]
 [0.00000000e+00 1.00000000e+00 0.00000000e+00 0.00000000e+00]
 [7.00162422e-18 0.00000000e+00 1.00000000e+00 3.40610743e-04]
 [0.00000000e+00 0.00000000e+00 0.00000000e+00 1.00000000e+00]]"
/lidar/110.ply,/lidar/109.ply,"[[1.00000000e+00 0.00000000e+00 7.00162422e-18 1.60734389e-21]
 [0.00000000e+00 1.00000000e+00 0.00000000e+00 0.00000000e+00]
 [7.00162422e-18 0.00000000e+00 1.00000000e+00 2.29567289e-04]
 [0.00000000e+00 0.00000000e+00 0.00000000e+00 1.00000000e+00]]"
/lidar/111.ply,/lidar/110.ply,"[[1.00000000e+00 0.00000000e+00 7.00162422e-18 1.07775298e-21]
 [0.00000000e+00 1.00000000e+00 0.00000000e+00 0.00000000e+00]
 [7.00162422e-18 0.00000000e+00 1.00000000e+00 1.53928995e-04]
 [0.00000000e+00 0.00000000e+00 0.00000000e+00 1.00000000e+00]]"
/lidar/112.ply,/lidar/111.ply,"[[1.00000000e+00 0.00000000e+00 7.00162422e-18 4.95474240e-22]
 [0.00000000e+00 1.00000000e+00 0.00000000e+00 0.00000000e+00]
 [7.00162422e-18 0.00000000e+00 1.00000000e+00 7.07656145e-05]
 [0.00000000e+00 0.00000000e+00 0.00000000e+00 1.00000000e+00]]"
/lidar/113.ply,/lidar/112.ply,"[[1.00000000e+00 0.00000000e+00 7.00162422e-18 2.34956410e-22]
 [0.00000000e+00 1.00000000e+00 0.00000000e+00 0.00000000e+00]
 [7.00162422e-18 0.00000000e+00 1.00000000e+00 3.35574150e-05]
 [0.00000000e+00 0.00000000e+00 0.00000000e+00 1.00000000e+00]]"
/lidar/114.ply,/lidar/113.ply,"[[1.00000000e+00 0.00000000e+00 7.00162422e-18 2.85244593e-22]
 [0.00000000e+00 1.00000000e+00 0.00000000e+00 0.00000000e+00]
 [7.00162422e-18 0.00000000e+00 1.00000000e+00 4.07397747e-05]
 [0.00000000e+00 0.00000000e+00 0.00000000e+00 1.00000000e+00]]"
/lidar/115.ply,/lidar/114.ply,"[[1.00000000e+00 0.00000000e+00 7.00162422e-18 2.65525783e-22]
 [0.00000000e+00 1.00000000e+00 0.00000000e+00 0.00000000e+00]
 [7.00162422e-18 0.00000000e+00 1.00000000e+00 3.79234552e-05]
 [0.00000000e+00 0.00000000e+00 0.00000000e+00 1.00000000e+00]]"
/lidar/116.ply,/lidar/115.ply,"[[1.00000000e+00 0.00000000e+00 7.00162422e-18 2.21184542e-22]
 [0.00000000e+00 1.00000000e+00 0.00000000e+00 0.00000000e+00]
 [7.00162422e-18 0.00000000e+00 1.00000000e+00 3.15904617e-05]
 [0.00000000e+00 0.00000000e+00 0.00000000e+00 1.00000000e+00]]"
/lidar/117.ply,/lidar/116.ply,"[[1.00000000e+00 0.00000000e+00 7.00162422e-18 1.72461343e-22]
 [0.00000000e+00 1.00000000e+00 0.00000000e+00 0.00000000e+00]
 [7.00162422e-18 0.00000000e+00 1.00000000e+00 2.46316195e-05]
 [0.00000000e+00 0.00000000e+00 0.00000000e+00 1.00000000e+00]]"
/lidar/118.ply,/lidar/117.ply,"[[1.00000000e+00 0.00000000e+00 7.00162422e-18 1.29893752e-22]
 [0.00000000e+00 1.00000000e+00 0.00000000e+00 0.00000000e+00]
 [7.00162422e-18 0.00000000e+00 1.00000000e+00 1.85519457e-05]
 [0.00000000e+00 0.00000000e+00 0.00000000e+00 1.00000000e+00]]"
/lidar/119.ply,/lidar/118.ply,"[[1.00000000e+00 0.00000000e+00 7.00162422e-18 9.50467536e-23]
 [0.00000000e+00 1.00000000e+00 0.00000000e+00 0.00000000e+00]
 [7.00162422e-18 0.00000000e+00 1.00000000e+00 1.35749578e-05]
 [0.00000000e+00 0.00000000e+00 0.00000000e+00 1.00000000e+00]]"
/lidar/120.ply,/lidar/119.ply,"[[1.00000000e+00 0.00000000e+00 7.00162422e-18 6.76073506e-23]
 [0.00000000e+00 1.00000000e+00 0.00000000e+00 0.00000000e+00]
 [7.00162422e-18 0.00000000e+00 1.00000000e+00 9.65595245e-06]
 [0.00000000e+00 0.00000000e+00 0.00000000e+00 1.00000000e+00]]"
/lidar/121.ply,/lidar/120.ply,"[[1.00000000e+00 0.00000000e+00 7.00162422e-18 1.38762000e-23]
 [0.00000000e+00 1.00000000e+00 0.00000000e+00 0.00000000e+00]
 [7.00162422e-18 0.00000000e+00 1.00000000e+00 1.98185444e-06]
 [0.00000000e+00 0.00000000e+00 0.00000000e+00 1.00000000e+00]]"
/lidar/122.ply,/lidar/121.ply,"[[1.00000000e+00 0.00000000e+00 7.00162422e-18 2.56657535e-23]
 [0.00000000e+00 1.00000000e+00 0.00000000e+00 0.00000000e+00]
 [7.00162422e-18 0.00000000e+00 1.00000000e+00 3.66568565e-06]
 [0.00000000e+00 0.00000000e+00 0.00000000e+00 1.00000000e+00]]"
/lidar/123.ply,/lidar/122.ply,"[[ 9.99834386e-01  1.81988171e-02  5.24358285e-05 -4.91447848e-05]
 [-1.81988913e-02  9.99829082e-01  3.25681493e-03 -7.31146114e-03]
 [ 6.84331285e-06 -3.25722983e-03  9.99994695e-01 -7.32369986e-05]
 [ 0.00000000e+00  0.00000000e+00  0.00000000e+00  1.00000000e+00]]"
/lidar/124.ply,/lidar/123.ply,"[[ 9.98892609e-01  4.31649783e-02  1.87174034e-02 -8.88245761e-04]
 [-4.33009654e-02  9.99038095e-01  6.92171765e-03 -3.07071874e-02]
 [-1.84006233e-02 -7.72453424e-03  9.99800854e-01 -6.31217190e-06]
 [ 0.00000000e+00  0.00000000e+00  0.00000000e+00  1.00000000e+00]]"
/lidar/125.ply,/lidar/124.ply,"[[ 9.99564533e-01  2.87418476e-02 -6.68217878e-03 -8.38557165e-04]
 [-2.87096670e-02  9.99575963e-01  4.86294689e-03 -4.69849621e-02]
 [ 6.81911537e-03 -4.66898611e-03  9.99965850e-01  6.43507301e-05]
 [ 0.00000000e+00  0.00000000e+00  0.00000000e+00  1.00000000e+00]]"
/lidar/126.ply,/lidar/125.ply,"[[ 9.99883906e-01  1.16434468e-02  9.82877408e-03 -3.44711905e-06]
 [-1.16610997e-02  9.99930492e-01  1.74064624e-03 -5.79052904e-02]
 [-9.80782378e-03 -1.85505847e-03  9.99950181e-01  4.13878366e-05]
 [ 0.00000000e+00  0.00000000e+00  0.00000000e+00  1.00000000e+00]]"
/lidar/127.ply,/lidar/126.ply,"[[ 9.99996732e-01 -6.41339865e-05 -2.55583219e-03  6.98505189e-04]
 [ 6.40707604e-05  9.99999998e-01 -2.48198432e-05 -6.60762341e-02]
 [ 2.55583378e-03  2.46560080e-05  9.99996734e-01  2.17182529e-06]
 [ 0.00000000e+00  0.00000000e+00  0.00000000e+00  1.00000000e+00]]"
/lidar/128.ply,/lidar/127.ply,"[[ 9.99981738e-01 -6.03741682e-03  2.70257803e-04  1.22400856e-03]
 [ 6.03766746e-03  9.99981335e-01 -9.36369309e-04 -7.25723622e-02]
 [-2.64599506e-04  9.37983936e-04  9.99999525e-01 -3.48322402e-05]
 [ 0.00000000e+00  0.00000000e+00  0.00000000e+00  1.00000000e+00]]"
/lidar/129.ply,/lidar/128.ply,"[[ 9.99974243e-01 -7.12018466e-03 -9.03577194e-04  1.40475370e-03]
 [ 7.11916746e-03  9.99974027e-01 -1.12401529e-03 -7.83534914e-02]
 [ 9.11556922e-04  1.11755362e-03  9.99998960e-01 -4.72833887e-05]
 [ 0.00000000e+00  0.00000000e+00  0.00000000e+00  1.00000000e+00]]"
/lidar/130.ply,/lidar/129.ply,"[[ 9.99985207e-01 -5.37262854e-03  8.49314484e-04  1.37003534e-03]
 [ 5.37334998e-03  9.99985203e-01 -8.49450751e-04 -8.45885808e-02]
 [-8.44738133e-04  8.54001848e-04  9.99999279e-01 -4.29916156e-05]
 [ 0.00000000e+00  0.00000000e+00  0.00000000e+00  1.00000000e+00]]"
/lidar/131.ply,/lidar/130.ply,"[[ 9.99993376e-01 -3.54026528e-03 -8.45781801e-04  1.32201550e-03]
 [ 3.53979066e-03  9.99993577e-01 -5.62003488e-04 -9.11156542e-02]
 [ 8.47766010e-04  5.59005874e-04  9.99999484e-01 -3.03302547e-05]
 [ 0.00000000e+00  0.00000000e+00  0.00000000e+00  1.00000000e+00]]"
/lidar/132.ply,/lidar/131.ply,"[[ 9.99997208e-01 -2.23115902e-03  7.78636237e-04  1.27103069e-03]
 [ 2.23143461e-03  9.99997448e-01 -3.53258711e-04 -9.77795405e-02]
 [-7.77846074e-04  3.54995200e-04  9.99999634e-01 -2.30886838e-05]
 [ 0.00000000e+00  0.00000000e+00  0.00000000e+00  1.00000000e+00]]"
/lidar/133.ply,/lidar/132.ply,"[[ 9.99998760e-01 -1.36938461e-03 -7.78027319e-04  1.28755454e-03]
 [ 1.36921647e-03  9.99999039e-01 -2.16603685e-04 -1.04536298e-01]
 [ 7.78323185e-04  2.15538128e-04  9.99999674e-01 -1.40565083e-05]
 [ 0.00000000e+00  0.00000000e+00  0.00000000e+00  1.00000000e+00]]"
/lidar/134.ply,/lidar/133.ply,"[[ 9.99999530e-01 -6.35681544e-04  7.32462667e-04  1.28391055e-03]
 [ 6.35755069e-04  9.99999793e-01 -1.00151088e-04 -1.11430328e-01]
 [-7.32398851e-04  1.00616707e-04  9.99999727e-01 -8.43460172e-06]
 [ 0.00000000e+00  0.00000000e+00  0.00000000e+00  1.00000000e+00]]"
/lidar/135.ply,/lidar/134.ply,"[[ 9.99999731e-01  4.76806688e-05 -7.32422345e-04  1.27608596e-03]
 [-4.76735919e-05  9.99999999e-01  9.67977359e-06 -1.18541778e-01]
 [ 7.32422806e-04 -9.64485378e-06  9.99999732e-01  1.84367337e-06]
 [ 0.00000000e+00  0.00000000e+00  0.00000000e+00  1.00000000e+00]]"
/lidar/136.ply,/lidar/135.ply,"[[ 9.99999517e-01  7.18464861e-04  6.71419910e-04  1.28282042e-03]
 [-7.18542501e-04  9.99999735e-01  1.15400607e-04 -1.25918389e-01]
 [-6.71336821e-04 -1.15882995e-04  9.99999768e-01  9.67623841e-06]
 [ 0.00000000e+00  0.00000000e+00  0.00000000e+00  1.00000000e+00]]"
/lidar/137.ply,/lidar/136.ply,"[[ 9.99998886e-01  1.33323653e-03 -6.71257061e-04  1.26383562e-03]
 [-1.33309222e-03  9.99999088e-01  2.15385016e-04 -1.33603944e-01]
 [ 6.71543608e-04 -2.14489928e-04  9.99999752e-01  2.22932805e-05]
 [ 0.00000000e+00  0.00000000e+00  0.00000000e+00  1.00000000e+00]]"
/lidar/138.ply,/lidar/137.ply,"[[ 9.99997987e-01  1.91398472e-03  6.02996904e-04  1.27002461e-03]
 [-1.91416970e-03  9.99998121e-01  3.06333441e-04 -1.41646211e-01]
 [-6.02409453e-04 -3.07487062e-04  9.99999771e-01  3.19410251e-05]
 [ 0.00000000e+00  0.00000000e+00  0.00000000e+00  1.00000000e+00]]"
/lidar/139.ply,/lidar/138.ply,"[[ 9.99996769e-01  2.46201429e-03 -6.32774066e-04  1.26323288e-03]
 [-2.46176385e-03  9.99996891e-01  3.96260103e-04 -1.50068027e-01]
 [ 6.33747697e-04 -3.94701083e-04  9.99999721e-01  4.66903679e-05]
 [ 0.00000000e+00  0.00000000e+00  0.00000000e+00  1.00000000e+00]]"
/lidar/140.ply,/lidar/139.ply,"[[ 9.99995397e-01  2.96883438e-03  6.26289338e-04  1.26006336e-03]
 [-2.96913187e-03  9.99995479e-01  4.74600718e-04 -1.58918998e-01]
 [-6.24877496e-04 -4.76458069e-04  9.99999691e-01  5.83469549e-05]
 [ 0.00000000e+00  0.00000000e+00  0.00000000e+00  1.00000000e+00]]"
/lidar/141.ply,/lidar/140.ply,"[[ 9.99993434e-01  3.52193566e-03 -8.53522723e-04  1.23082701e-03]
 [-3.52145239e-03  9.99993639e-01  5.67054414e-04 -1.68265936e-01]
 [ 8.55514422e-04 -5.64045051e-04  9.99999475e-01  7.70056046e-05]
 [ 0.00000000e+00  0.00000000e+00  0.00000000e+00  1.00000000e+00]]"
/lidar/142.ply,/lidar/141.ply,"[[ 9.99990645e-01  4.19689412e-03  1.04659936e-03  1.19749529e-03]
 [-4.19759681e-03  9.99990966e-01  6.70114244e-04 -1.78223506e-01]
 [-1.04377751e-03 -6.74501178e-04  9.99999228e-01  9.47522601e-05]
 [ 0.00000000e+00  0.00000000e+00  0.00000000e+00  1.00000000e+00]]"
/lidar/143.ply,/lidar/142.ply,"[[ 9.99989528e-01  4.42936931e-03 -1.15049070e-03  1.22439271e-03]
 [-4.42854979e-03  9.99989939e-01  7.13898538e-04 -1.88645929e-01]
 [ 1.15364124e-03 -7.08796057e-04  9.99999083e-01  1.11600200e-04]
 [ 0.00000000e+00  0.00000000e+00  0.00000000e+00  1.00000000e+00]]"
/lidar/144.ply,/lidar/143.ply,"[[ 9.99992466e-01  3.79458303e-03  8.17468851e-04  1.40346616e-03]
 [-3.79507959e-03  9.99992615e-01  6.06735442e-04 -1.99137748e-01]
 [-8.15160506e-04 -6.09833230e-04  9.99999482e-01  9.88001640e-05]
 [ 0.00000000e+00  0.00000000e+00  0.00000000e+00  1.00000000e+00]]"
/lidar/145.ply,/lidar/144.ply,"[[ 9.99996414e-01  2.65284213e-03 -3.65664763e-04  1.72553386e-03]
 [-2.65268619e-03  9.99996391e-01  4.26293355e-04 -2.09460792e-01]
 [ 3.66794332e-04 -4.25321832e-04  9.99999842e-01  7.50960669e-05]
 [ 0.00000000e+00  0.00000000e+00  0.00000000e+00  1.00000000e+00]]"
/lidar/146.ply,/lidar/145.ply,"[[ 9.99998908e-01  1.47745044e-03  4.59411014e-05  2.06364420e-03]
 [-1.47746128e-03  9.99998880e-01  2.36895164e-04 -2.19539112e-01]
 [-4.55910491e-05 -2.36962781e-04  9.99999971e-01  4.36726069e-05]
 [ 0.00000000e+00  0.00000000e+00  0.00000000e+00  1.00000000e+00]]"
/lidar/147.ply,/lidar/146.ply,"[[ 9.99999838e-01  5.66804776e-04 -4.57545855e-05  2.36478422e-03]
 [-5.66800616e-04  9.99999835e-01  9.08862166e-05 -2.29405826e-01]
 [ 4.58060927e-05 -9.08602681e-05  9.99999995e-01  1.77542777e-05]
 [ 0.00000000e+00  0.00000000e+00  0.00000000e+00  1.00000000e+00]]"
/lidar/148.ply,/lidar/147.ply,"[[ 1.00000000e+00 -7.02250897e-18  1.22529715e-17  2.60162354e-03]
 [-7.02250897e-18  1.00000000e+00  5.05989644e-19 -2.39089966e-01]
 [ 1.22529715e-17  5.05989644e-19  1.00000000e+00  4.17232513e-07]
 [ 0.00000000e+00  0.00000000e+00  0.00000000e+00  1.00000000e+00]]"
/lidar/149.ply,/lidar/148.ply,"[[ 9.99999830e-01 -5.76438018e-04 -8.38929254e-05  2.84412242e-03]
 [ 5.76430297e-04  9.99999830e-01 -9.20223274e-05 -2.48634653e-01]
 [ 8.39459563e-05  9.19739534e-05  9.99999992e-01  5.08958932e-05]
 [ 0.00000000e+00  0.00000000e+00  0.00000000e+00  1.00000000e+00]]"
/lidar/150.ply,/lidar/149.ply,"[[ 9.99999661e-01 -8.22270040e-04 -3.04578595e-05  3.02742227e-03]
 [ 8.22266009e-04  9.99999653e-01 -1.32100172e-04 -2.58042819e-01]
 [ 3.05664710e-05  1.32075083e-04  9.99999991e-01  1.69450263e-04]
 [ 0.00000000e+00  0.00000000e+00  0.00000000e+00  1.00000000e+00]]"
/lidar/151.ply,/lidar/150.ply,"[[ 9.99869356e-01 -1.61638756e-02 -1.70581030e-05  7.07832068e-03]
 [ 1.61637768e-02  9.99865988e-01 -2.59592957e-03 -2.61323255e-01]
 [ 5.90160996e-05  2.59531470e-03  9.99996630e-01 -5.35474900e-04]
 [ 0.00000000e+00  0.00000000e+00  0.00000000e+00  1.00000000e+00]]"
/lidar/152.ply,/lidar/151.ply,"[[ 9.99742840e-01 -2.26770975e-02  4.90787716e-05  8.71406907e-03]
 [ 2.26771258e-02  9.99736208e-01 -3.64176453e-03 -2.59349231e-01]
 [ 3.35188242e-05  3.64194098e-03  9.99993368e-01 -8.24639803e-04]
 [ 0.00000000e+00  0.00000000e+00  0.00000000e+00  1.00000000e+00]]"
/lidar/153.ply,/lidar/152.ply,"[[ 9.99860410e-01 -1.67080707e-02  2.25347699e-05  7.15888542e-03]
 [ 1.67080710e-02  9.99856809e-01 -2.68351405e-03 -2.58998586e-01]
 [ 2.23047992e-05  2.68351597e-03  9.99996399e-01 -6.27404543e-04]
 [ 0.00000000e+00  0.00000000e+00  0.00000000e+00  1.00000000e+00]]"
/lidar/154.ply,/lidar/153.ply,"[[ 9.99963393e-01 -8.55639895e-03 -1.68814874e-06  5.05328087e-03]
 [ 8.55638855e-03  9.99962449e-01 -1.37435937e-03 -2.60649144e-01]
 [ 1.34476524e-05  1.37429462e-03  9.99999056e-01 -3.38875675e-04]
 [ 0.00000000e+00  0.00000000e+00  0.00000000e+00  1.00000000e+00]]"
/lidar/155.ply,/lidar/154.ply,"[[ 9.99994719e-01 -3.24976659e-03  8.72077093e-07  3.72459807e-03]
 [ 3.24976660e-03  9.99994583e-01 -5.22023763e-04 -2.63380742e-01]
 [ 8.24383015e-07  5.22023841e-04  9.99999864e-01 -1.44289203e-04]
 [ 0.00000000e+00  0.00000000e+00  0.00000000e+00  1.00000000e+00]]"
/lidar/156.ply,/lidar/155.ply,"[[ 9.99998532e-01  1.71333803e-03  2.22938213e-07  2.45559030e-03]
 [-1.71333803e-03  9.99998494e-01  2.75091726e-04 -2.67805883e-01]
 [ 2.48387239e-07 -2.75091704e-04  9.99999962e-01  4.44196575e-05]
 [ 0.00000000e+00  0.00000000e+00  0.00000000e+00  1.00000000e+00]]"
/lidar/157.ply,/lidar/156.ply,"[[ 9.99992871e-01  3.77591054e-03 -2.94003158e-05  1.93708892e-03]
 [-3.77589202e-03  9.99992687e-01  6.06614628e-04 -2.72983246e-01]
 [ 3.16906233e-05 -6.06499291e-04  9.99999816e-01  1.29442784e-04]
 [ 0.00000000e+00  0.00000000e+00  0.00000000e+00  1.00000000e+00]]"
/lidar/158.ply,/lidar/157.ply,"[[ 9.99982507e-01  5.91473609e-03 -2.77513474e-05  1.38385934e-03]
 [-5.91470705e-03  9.99982057e-01  9.50178795e-04 -2.79414767e-01]
 [ 3.33709063e-05 -9.49998033e-04  9.99999548e-01  2.21588967e-04]
 [ 0.00000000e+00  0.00000000e+00  0.00000000e+00  1.00000000e+00]]"
/lidar/159.ply,/lidar/158.ply,"[[ 9.99986899e-01  5.11851976e-03 -5.13386584e-05  1.64916365e-03]
 [-5.11847580e-03  9.99986562e-01  8.22606376e-04 -2.85952291e-01]
 [ 5.55484955e-05 -8.22332823e-04  9.99999660e-01  1.98803066e-04]
 [ 0.00000000e+00  0.00000000e+00  0.00000000e+00  1.00000000e+00]]"
/lidar/160.ply,/lidar/159.ply,"[[ 9.99999714e-01 -7.56142421e-04  5.14791116e-08  3.39355774e-03]
 [ 7.56142421e-04  9.99999707e-01 -1.21386749e-04 -2.90591616e-01]
 [ 4.03065737e-08  1.21386753e-04  9.99999993e-01 -3.70622858e-05]
 [ 0.00000000e+00  0.00000000e+00  0.00000000e+00  1.00000000e+00]]"
/lidar/161.ply,/lidar/160.ply,"[[ 9.99949781e-01 -1.00217834e-02  5.14030621e-07  6.08980114e-03]
 [ 1.00217712e-02  9.99948484e-01 -1.61059164e-03 -2.90932670e-01]
 [ 1.56269965e-05  1.61051591e-03  9.99998703e-01 -4.17317405e-04]
 [ 0.00000000e+00  0.00000000e+00  0.00000000e+00  1.00000000e+00]]"
/lidar/162.ply,/lidar/161.ply,"[[ 9.99901821e-01 -1.40123979e-02  1.58812406e-05  7.20949425e-03]
 [ 1.40123981e-02  9.99899285e-01 -2.25218899e-03 -2.89044603e-01]
 [ 1.56789271e-05  2.25219041e-03  9.99997464e-01 -5.76548522e-04]
 [ 0.00000000e+00  0.00000000e+00  0.00000000e+00  1.00000000e+00]]"
/lidar/163.ply,/lidar/162.ply,"[[ 0.98887386 -0.0523657  -0.1392348   0.02076453]
 [ 0.05216744  0.99862545 -0.00507562 -0.28412789]
 [ 0.13930921 -0.00224437  0.99024639  0.00155597]
 [ 0.          0.          0.          1.        ]]"
/lidar/164.ply,/lidar/163.ply,"[[ 0.92870895 -0.05093945 -0.36729397  0.02469386]
 [ 0.05594538  0.99842936  0.00298816 -0.27832483]
 [ 0.36656487 -0.02332353  0.93010011  0.01073947]
 [ 0.          0.          0.          1.        ]]"
/lidar/165.ply,/lidar/164.ply,"[[ 0.96238807  0.01964849 -0.27096703  0.00512616]
 [-0.01802262  0.99980155  0.00848749 -0.27325718]
 [ 0.27108003 -0.00328472  0.96255121  0.00393658]
 [ 0.          0.          0.          1.        ]]"
/lidar/166.ply,/lidar/165.ply,"[[ 0.99395659  0.02246111 -0.10745134  0.00275614]
 [-0.02315414  0.99971835 -0.00520638 -0.26706644]
 [ 0.10730413  0.00766286  0.99419671 -0.0010366 ]
 [ 0.          0.          0.          1.        ]]"
/lidar/167.ply,/lidar/166.ply,"[[ 0.99913698  0.00727262 -0.04089514  0.00602116]
 [-0.00765769  0.99992774 -0.00926732 -0.25976038]
 [ 0.04082478  0.00957249  0.99912047 -0.00210195]
 [ 0.          0.          0.          1.        ]]"
/lidar/168.ply,/lidar/167.ply,"[[ 0.99989157  0.00159403 -0.0146392   0.00695795]
 [-0.00169847  0.99997318 -0.00712467 -0.25280984]
 [ 0.01462745  0.00714876  0.99986746 -0.00165605]
 [ 0.          0.          0.          1.        ]]"
/lidar/169.ply,/lidar/168.ply,"[[ 0.99999006 -0.00109535 -0.00432143  0.00721943]
 [ 0.00106817  0.99997967 -0.00628626 -0.24506565]
 [ 0.00432823  0.00628159  0.9999709  -0.00166599]
 [ 0.          0.          0.          1.        ]]"
/lidar/170.ply,/lidar/169.ply,"[[ 9.99997708e-01 -2.05615824e-03 -5.97087482e-04  7.10274840e-03]
 [ 2.05278616e-03  9.99982245e-01 -5.59427444e-03 -2.37336106e-01]
 [ 6.08579594e-04  5.59303592e-03  9.99984174e-01 -1.39140896e-03]
 [ 0.00000000e+00  0.00000000e+00  0.00000000e+00  1.00000000e+00]]"
/lidar/171.ply,/lidar/170.ply,"[[ 9.99996558e-01 -2.62336759e-03 -3.22702996e-05  6.94916113e-03]
 [ 2.62317495e-03  9.99984224e-01 -4.96689375e-03 -2.29275502e-01]
 [ 4.52997786e-05  4.96679200e-03  9.99987664e-01 -1.13055993e-03]
 [ 0.00000000e+00  0.00000000e+00  0.00000000e+00  1.00000000e+00]]"
/lidar/172.ply,/lidar/171.ply,"[[ 9.99997223e-01 -2.35656013e-03  1.46420598e-05  6.63255472e-03]
 [ 2.35659913e-03  9.99989743e-01 -3.86780871e-03 -2.21249261e-01]
 [-5.52718581e-06  3.86783247e-03  9.99992520e-01 -8.19956168e-04]
 [ 0.00000000e+00  0.00000000e+00  0.00000000e+00  1.00000000e+00]]"
/lidar/173.ply,/lidar/172.ply,"[[ 0.98476236 -0.0409671  -0.16901121  0.01811073]
 [ 0.04090289  0.99915566 -0.00386297 -0.21244865]
 [ 0.16902676 -0.00310894  0.98560656  0.00231761]
 [ 0.          0.          0.          1.        ]]"
/lidar/174.ply,/lidar/173.ply,"[[ 0.93665679 -0.03128076 -0.34884892  0.02010286]
 [ 0.03732501  0.99924678  0.01061642 -0.2039975 ]
 [ 0.34825407 -0.02296473  0.93711884  0.00983632]
 [ 0.          0.          0.          1.        ]]"
/lidar/175.ply,/lidar/174.ply,"[[ 9.30711777e-01 -6.33926792e-04 -3.65752902e-01  1.55958307e-02]
 [ 1.10236052e-02  9.99592821e-01  2.63186716e-02 -1.97010850e-01]
 [ 3.65587291e-01 -2.85270132e-02  9.30339799e-01  1.17307868e-02]
 [ 0.00000000e+00  0.00000000e+00  0.00000000e+00  1.00000000e+00]]"
/lidar/176.ply,/lidar/175.ply,"[[ 9.34119597e-01  1.01679400e-02 -3.56815347e-01  1.45808409e-02]
 [ 4.24144644e-05  9.99591057e-01  2.85957489e-02 -1.90091339e-01]
 [ 3.56960190e-01 -2.67269835e-02  9.33737164e-01  1.14095354e-02]
 [ 0.00000000e+00  0.00000000e+00  0.00000000e+00  1.00000000e+00]]"
/lidar/177.ply,/lidar/176.ply,"[[ 0.87919584 -0.01296937 -0.47628402  0.02119653]
 [ 0.03365638  0.99882289  0.03492968 -0.18166544]
 [ 0.47527036 -0.04674003  0.87859743  0.01872963]
 [ 0.          0.          0.          1.        ]]"
/lidar/178.ply,/lidar/177.ply,"[[ 0.80474369  0.00333629 -0.59361305  0.02053147]
 [ 0.038988    0.99752805  0.0584613  -0.17336017]
 [ 0.59234072 -0.07019015  0.80262433  0.02782438]
 [ 0.          0.          0.          1.        ]]"
/lidar/179.ply,/lidar/178.ply,"[[ 0.80249574  0.02403378 -0.5961736   0.01872978]
 [ 0.02150838  0.99737373  0.06915947 -0.16709249]
 [ 0.59627005 -0.06832291  0.79987124  0.02840497]
 [ 0.          0.          0.          1.        ]]"
/lidar/180.ply,/lidar/179.ply,"[[ 0.73584338  0.01834007 -0.67690337  0.02069629]
 [ 0.04719664  0.99581306  0.07828682 -0.15846243]
 [ 0.675505   -0.0895544   0.73189685  0.03609844]
 [ 0.          0.          0.          1.        ]]"
/lidar/181.ply,/lidar/180.ply,"[[ 0.65530428  0.03813351 -0.75440184  0.01819263]
 [ 0.05709161  0.99336778  0.09980486 -0.14988975]
 [ 0.75320439 -0.10847257  0.64878105  0.04421457]
 [ 0.          0.          0.          1.        ]]"
/lidar/182.ply,/lidar/181.ply,"[[ 0.66558802  0.05684289 -0.74415151  0.01731327]
 [ 0.03622161  0.99345988  0.10828413 -0.14431933]
 [ 0.74543986 -0.09902698  0.65917606  0.04323946]
 [ 0.          0.          0.          1.        ]]"
/lidar/183.ply,/lidar/182.ply,"[[ 0.84036921  0.09072922 -0.53436673  0.01591068]
 [-0.05906259  0.99534831  0.07611401 -0.14416693]
 [ 0.53878679 -0.03240279  0.84181878  0.02310108]
 [ 0.          0.          0.          1.        ]]"
/lidar/184.ply,/lidar/183.ply,"[[ 0.98936714  0.09796362 -0.10749786  0.00994001]
 [-0.09759105  0.99518828  0.00873378 -0.14068349]
 [ 0.1078362   0.00184991  0.99416695  0.00229582]
 [ 0.          0.          0.          1.        ]]"
/lidar/185.ply,/lidar/184.ply,"[[ 9.99483275e-01  3.02452694e-02 -1.08814990e-02  1.56866479e-02]
 [-3.02297261e-02  9.99541713e-01  1.59010395e-03 -1.34631822e-01]
 [ 1.09246053e-02 -1.26033757e-03  9.99939530e-01  3.73202300e-04]
 [ 0.00000000e+00  0.00000000e+00  0.00000000e+00  1.00000000e+00]]"
/lidar/186.ply,/lidar/185.ply,"[[ 9.99999351e-01 -7.39788864e-04 -8.66652016e-04  1.82155887e-02]
 [ 7.41856082e-04  9.99996875e-01  2.38740328e-03 -1.29449385e-01]
 [ 8.64883134e-04 -2.38804466e-03  9.99996775e-01  3.09829992e-04]
 [ 0.00000000e+00  0.00000000e+00  0.00000000e+00  1.00000000e+00]]"
/lidar/187.ply,/lidar/186.ply,"[[ 9.99960998e-01 -8.83086354e-03 -1.32052597e-04  1.83583359e-02]
 [ 8.83127339e-03  9.99954819e-01  3.51682021e-03 -1.25418083e-01]
 [ 1.00990071e-04 -3.51784924e-03  9.99993807e-01  4.21416205e-04]
 [ 0.00000000e+00  0.00000000e+00  0.00000000e+00  1.00000000e+00]]"
/lidar/188.ply,/lidar/187.ply,"[[ 9.99958207e-01 -9.14082386e-03 -1.73727623e-04  1.78256305e-02]
 [ 9.14146699e-03  9.99949581e-01  4.15564343e-03 -1.22144212e-01]
 [ 1.35732859e-04 -4.15705787e-03  9.99991350e-01  4.84716063e-04]
 [ 0.00000000e+00  0.00000000e+00  0.00000000e+00  1.00000000e+00]]"
/lidar/189.ply,/lidar/188.ply,"[[ 9.99975379e-01 -7.01368990e-03 -2.22420234e-04  1.71976582e-02]
 [ 7.01471797e-03  9.99962803e-01  5.01866545e-03 -1.19736838e-01]
 [ 1.87212597e-04 -5.02010210e-03  9.99987382e-01  5.73131209e-04]
 [ 0.00000000e+00  0.00000000e+00  0.00000000e+00  1.00000000e+00]]"
/lidar/190.ply,/lidar/189.ply,"[[ 9.99988283e-01 -4.83785876e-03 -1.67360495e-04  1.66843347e-02]
 [ 4.83868501e-03  9.99973980e-01  5.35038651e-03 -1.17995467e-01]
 [ 1.41471726e-04 -5.35113363e-03  9.99985673e-01  6.00162505e-04]
 [ 0.00000000e+00  0.00000000e+00  0.00000000e+00  1.00000000e+00]]"
/lidar/191.ply,/lidar/190.ply,"[[ 0.99410004 -0.02718681 -0.1050047   0.02127195]
 [ 0.02767702  0.99961175  0.00321386 -0.11611969]
 [ 0.10487656 -0.00610111  0.99446653  0.0025853 ]
 [ 0.          0.          0.          1.        ]]"
/lidar/192.ply,/lidar/191.ply,"[[ 0.97635448 -0.02084889 -0.21516797  0.02311361]
 [ 0.02298961  0.99970794  0.00745095 -0.11519234]
 [ 0.21494979 -0.0122214   0.97654863  0.00593446]
 [ 0.          0.          0.          1.        ]]"
/lidar/193.ply,/lidar/192.ply,"[[ 0.97289352 -0.00410793 -0.23121705  0.02236034]
 [ 0.00756314  0.99987256  0.0140592  -0.11582259]
 [ 0.23112983 -0.01542683  0.9728006   0.00694667]
 [ 0.          0.          0.          1.        ]]"
/lidar/194.ply,/lidar/193.ply,"[[ 0.97240334  0.00145684 -0.23330157  0.0226294 ]
 [ 0.00218604  0.99987971  0.01535513 -0.11710944]
 [ 0.23329588 -0.01544138  0.97228319  0.00723803]
 [ 0.          0.          0.          1.        ]]"
/lidar/195.ply,/lidar/194.ply,"[[ 0.94095297 -0.01940685 -0.33798059  0.02687474]
 [ 0.02512366  0.9996056   0.01254801 -0.11481925]
 [ 0.33760377 -0.0202984   0.94106943  0.01117662]
 [ 0.          0.          0.          1.        ]]"
/lidar/196.ply,/lidar/195.ply,"[[ 0.90584268 -0.00472768 -0.42358788  0.0267772 ]
 [ 0.01574254  0.9996227   0.0225086  -0.11154824]
 [ 0.42332165 -0.0270576   0.90557533  0.01531741]
 [ 0.          0.          0.          1.        ]]"
/lidar/197.ply,/lidar/196.ply,"[[ 0.90653295  0.01742231 -0.42177538  0.02459365]
 [-0.00570459  0.99956232  0.02902798 -0.10762812]
 [ 0.42209651 -0.02390877  0.90623557  0.01493503]
 [ 0.          0.          0.          1.        ]]"
/lidar/198.ply,/lidar/197.ply,"[[ 0.87636989  0.00948671 -0.48154525  0.02566382]
 [ 0.00814906  0.99937083  0.03451873 -0.10148941]
 [ 0.48156974 -0.03417531  0.87574119  0.01816313]
 [ 0.          0.          0.          1.        ]]"
/lidar/199.ply,/lidar/198.ply,"[[ 0.83351032  0.00676361 -0.55246249  0.02680301]
 [ 0.02017589  0.99888553  0.04266876 -0.09670453]
 [ 0.55213538 -0.04671127  0.83244494  0.02276525]
 [ 0.          0.          0.          1.        ]]"
/lidar/200.ply,/lidar/199.ply,"[[ 0.83681635  0.02295947 -0.54700206  0.02560918]
 [ 0.00391046  0.99884414  0.04790707 -0.09332254]
 [ 0.54746972 -0.04222845  0.83575933  0.02212906]
 [ 0.          0.          0.          1.        ]]"
/lidar/201.ply,/lidar/200.ply,"[[ 0.79791031  0.01033957 -0.60268751  0.0264072 ]
 [ 0.02253919  0.99864186  0.04697257 -0.08740195]
 [ 0.60235465 -0.05106399  0.79659359  0.02516021]
 [ 0.          0.          0.          1.        ]]"
/lidar/202.ply,/lidar/201.ply,"[[ 0.86792081  0.0452344  -0.49463858  0.02466584]
 [-0.03077606  0.99882856  0.03734087 -0.08749275]
 [ 0.49574823 -0.01718589  0.86829623  0.01779161]
 [ 0.          0.          0.          1.        ]]"
/lidar/203.ply,/lidar/202.ply,"[[ 0.96861088  0.05761327 -0.24181331  0.0209829 ]
 [-0.05702778  0.9983281   0.00942554 -0.08731874]
 [ 0.24195206  0.00466039  0.97027701  0.00606601]
 [ 0.          0.          0.          1.        ]]"
/lidar/204.ply,/lidar/203.ply,"[[ 0.99520236  0.0379724  -0.0901685   0.01868755]
 [-0.03825157  0.9992672  -0.00136937 -0.08370055]
 [ 0.09005043  0.00481189  0.99592558  0.00158317]
 [ 0.          0.          0.          1.        ]]"
/lidar/205.ply,/lidar/204.ply,"[[ 9.99922367e-01  8.26383002e-03 -9.32576986e-03  1.84878311e-02]
 [-8.26869980e-03  9.99965697e-01 -4.83748493e-04 -8.00735118e-02]
 [ 9.32145234e-03  5.60822929e-04  9.99956397e-01  1.37379296e-04]
 [ 0.00000000e+00  0.00000000e+00  0.00000000e+00  1.00000000e+00]]"
/lidar/206.ply,/lidar/205.ply,"[[ 9.99976300e-01 -6.87617160e-03  3.43993136e-04  1.84890377e-02]
 [ 6.87617184e-03  9.99976359e-01  5.08426078e-07 -7.69334771e-02]
 [-3.43988500e-04  1.85694189e-06  9.99999941e-01 -8.79458036e-06]
 [ 0.00000000e+00  0.00000000e+00  0.00000000e+00  1.00000000e+00]]"
/lidar/207.ply,/lidar/206.ply,"[[ 9.99961941e-01 -8.72047247e-03  2.64884914e-04  1.79328622e-02]
 [ 8.72049684e-03  9.99961972e-01 -9.09758077e-05 -7.47213343e-02]
 [-2.64081489e-04  9.32822733e-05  9.99999961e-01 -2.30367746e-05]
 [ 0.00000000e+00  0.00000000e+00  0.00000000e+00  1.00000000e+00]]"
/lidar/208.ply,/lidar/207.ply,"[[ 9.99976432e-01 -6.86469379e-03  1.06251230e-04  1.73632169e-02]
 [ 6.86471041e-03  9.99976425e-01 -1.56818867e-04 -7.31056394e-02]
 [-1.05172211e-04  1.57544555e-04  9.99999982e-01 -3.09372810e-05]
 [ 0.00000000e+00  0.00000000e+00  0.00000000e+00  1.00000000e+00]]"
/lidar/209.ply,/lidar/208.ply,"[[ 9.99992173e-01 -3.95625770e-03  4.55180322e-05  1.69255551e-02]
 [ 3.95626751e-03  9.99992150e-01 -2.17386940e-04 -7.22182948e-02]
 [-4.46576361e-05  2.17565320e-04  9.99999975e-01 -4.00433700e-05]
 [ 0.00000000e+00  0.00000000e+00  0.00000000e+00  1.00000000e+00]]"
/lidar/210.ply,/lidar/209.ply,"[[ 9.99999145e-01 -1.30667022e-03  5.23654899e-05  1.66728044e-02]
 [ 1.30668391e-03  9.99999112e-01 -2.62238465e-04 -7.20283600e-02]
 [-5.20227842e-05  2.62306666e-04  9.99999964e-01 -4.82974116e-05]
 [ 0.00000000e+00  0.00000000e+00  0.00000000e+00  1.00000000e+00]]"
/lidar/211.ply,/lidar/210.ply,"[[ 9.99999335e-01  1.15368100e-03 -1.98231063e-06  1.66397794e-02]
 [-1.15368156e-03  9.99999286e-01 -3.12642479e-04 -7.26930289e-02]
 [ 1.62161953e-06  3.12644558e-04  9.99999951e-01 -5.64450764e-05]
 [ 0.00000000e+00  0.00000000e+00  0.00000000e+00  1.00000000e+00]]"
/lidar/212.ply,/lidar/211.ply,"[[ 9.99995910e-01  2.85987357e-03  1.95899620e-05  1.68398992e-02]
 [-2.85986677e-03  9.99995853e-01 -3.38922292e-04 -7.40821833e-02]
 [-2.05591557e-05  3.38864881e-04  9.99999942e-01 -6.21693623e-05]
 [ 0.00000000e+00  0.00000000e+00  0.00000000e+00  1.00000000e+00]]"
/lidar/213.ply,/lidar/212.ply,"[[ 9.99991302e-01  4.17065927e-03  4.12829255e-05  1.72298299e-02]
 [-4.17064418e-03  9.99991238e-01 -3.58998249e-04 -7.62291198e-02]
 [-4.27798232e-05  3.58822950e-04  9.99999935e-01 -6.69545523e-05]
 [ 0.00000000e+00  0.00000000e+00  0.00000000e+00  1.00000000e+00]]"
/lidar/214.ply,/lidar/213.ply,"[[ 9.99989150e-01  4.65828623e-03  2.06018669e-06  1.77984062e-02]
 [-4.65828523e-03  9.99989089e-01 -3.48769436e-04 -7.88648757e-02]
 [-3.68483207e-06  3.48756055e-04  9.99999939e-01 -6.51528611e-05]
 [ 0.00000000e+00  0.00000000e+00  0.00000000e+00  1.00000000e+00]]"
/lidar/215.ply,/lidar/214.ply,"[[ 9.99984829e-01  5.50840794e-03  1.28312327e-06  1.84755700e-02]
 [-5.50840710e-03  9.99984762e-01 -3.64658049e-04 -8.22811153e-02]
 [-3.29178900e-06  3.64645448e-04  9.99999934e-01 -6.93970499e-05]
 [ 0.00000000e+00  0.00000000e+00  0.00000000e+00  1.00000000e+00]]"
/lidar/216.ply,/lidar/215.ply,"[[ 9.99981494e-01  6.08359371e-03 -3.74979674e-05  1.93644167e-02]
 [-6.08360729e-03  9.99981425e-01 -3.73218403e-04 -8.64250021e-02]
 [ 3.52267618e-05  3.73439619e-04  9.99999930e-01 -7.18071187e-05]
 [ 0.00000000e+00  0.00000000e+00  0.00000000e+00  1.00000000e+00]]"
/lidar/217.ply,/lidar/216.ply,"[[ 9.99977415e-01  6.72082523e-03  1.10763101e-07  2.04054791e-02]
 [-6.72082468e-03  9.99977339e-01 -3.89574825e-04 -9.13524078e-02]
 [-2.72902490e-06  3.89565282e-04  9.99999924e-01 -7.77462494e-05]
 [ 0.00000000e+00  0.00000000e+00  0.00000000e+00  1.00000000e+00]]"
/lidar/218.ply,/lidar/217.ply,"[[ 9.99977299e-01  6.73804183e-03 -2.22236168e-07  2.16334595e-02]
 [-6.73804143e-03  9.99977227e-01 -3.78532918e-04 -9.68371673e-02]
 [-2.32833953e-06  3.78525822e-04  9.99999928e-01 -7.75847431e-05]
 [ 0.00000000e+00  0.00000000e+00  0.00000000e+00  1.00000000e+00]]"
/lidar/219.ply,/lidar/218.ply,"[[ 9.99978289e-01  6.58938903e-03  3.77236025e-05  2.29968708e-02]
 [-6.58937494e-03  9.99978224e-01 -3.62150950e-04 -1.02837768e-01]
 [-4.01091345e-05  3.61894512e-04  9.99999934e-01 -7.72854780e-05]
 [ 0.00000000e+00  0.00000000e+00  0.00000000e+00  1.00000000e+00]]"
/lidar/220.ply,/lidar/219.ply,"[[ 9.94403961e-01 -1.83648232e-02 -1.04036035e-01  2.91062101e-02]
 [ 1.84781383e-02  9.99829257e-01  1.25402291e-04 -1.07727334e-01]
 [ 1.04015968e-01 -2.04709277e-03  9.94573521e-01  3.02574718e-03]
 [ 0.00000000e+00  0.00000000e+00  0.00000000e+00  1.00000000e+00]]"
/lidar/221.ply,/lidar/220.ply,"[[ 0.97512485 -0.01526574 -0.22113003  0.03286442]
 [ 0.01711294  0.99983282  0.00643997 -0.11328847]
 [ 0.22099475 -0.01006396  0.97522307  0.00817009]
 [ 0.          0.          0.          1.        ]]"
/lidar/222.ply,/lidar/221.ply,"[[ 0.96970653  0.0018427  -0.24426594  0.03360255]
 [ 0.00146259  0.99990982  0.01334945 -0.12026551]
 [ 0.24426851 -0.01330231  0.96961639  0.01009238]
 [ 0.          0.          0.          1.        ]]"
/lidar/223.ply,/lidar/222.ply,"[[ 0.96553057  0.00645774 -0.26020957  0.03560445]
 [-0.00230314  0.99986501  0.01626812 -0.12740473]
 [ 0.2602795  -0.01510807  0.96541511  0.01171475]
 [ 0.          0.          0.          1.        ]]"
/lidar/224.ply,/lidar/223.ply,"[[ 0.58498846 -0.00407788 -0.81103137  0.05526926]
 [ 0.07100575  0.99640514  0.04620576 -0.26555607]
 [ 0.8079274  -0.08461773  0.58317506  0.09783775]
 [ 0.          0.          0.          1.        ]]"
/lidar/225.ply,/lidar/224.ply,"[[ 0.82872502  0.01130233 -0.55954187  0.04358587]
 [ 0.02566994  0.99797616  0.05817756 -0.14513843]
 [ 0.55906699 -0.0625766   0.82675769  0.03968341]
 [ 0.          0.          0.          1.        ]]"
/lidar/226.ply,/lidar/225.ply,"[[ 0.93523826  0.06159978 -0.3486185   0.04090169]
 [-0.05109732  0.99792205  0.03925094 -0.15955746]
 [ 0.35031194 -0.0188955   0.93644247  0.02187687]
 [ 0.          0.          0.          1.        ]]"
/lidar/227.ply,/lidar/226.ply,"[[ 0.99708051  0.05732271 -0.05044363  0.04051503]
 [-0.05716964  0.99835446  0.0044733  -0.17130875]
 [ 0.05061705 -0.0015764   0.99871689  0.00277981]
 [ 0.          0.          0.          1.        ]]"
/lidar/228.ply,/lidar/227.ply,"[[ 9.99909304e-01  1.19267034e-02 -6.25607216e-03  4.92808937e-02]
 [-1.19141045e-02  9.99926929e-01  2.04728371e-03 -1.79756878e-01]
 [ 6.28003237e-03 -1.97256253e-03  9.99978335e-01  6.45352621e-04]
 [ 0.00000000e+00  0.00000000e+00  0.00000000e+00  1.00000000e+00]]"
/lidar/229.ply,/lidar/228.ply,"[[ 9.99982645e-01 -5.82698192e-03 -8.69764034e-04  5.48516475e-02]
 [ 5.82854275e-03  9.99981389e-01  1.80292854e-03 -1.89056260e-01]
 [ 8.59242215e-04 -1.80796671e-03  9.99997996e-01  3.62427006e-04]
 [ 0.00000000e+00  0.00000000e+00  0.00000000e+00  1.00000000e+00]]"
/lidar/230.ply,/lidar/229.ply,"[[ 9.99953579e-01 -9.63424784e-03 -1.45708134e-04  5.83152134e-02]
 [ 9.63443629e-03  9.99952672e-01  1.35319895e-03 -1.98875798e-01]
 [ 1.32664184e-04 -1.35453995e-03  9.99999074e-01  2.58169746e-04]
 [ 0.00000000e+00  0.00000000e+00  0.00000000e+00  1.00000000e+00]]"
/lidar/231.ply,/lidar/230.ply,"[[ 9.99962667e-01 -8.64072873e-03 -4.21658765e-05  6.09330261e-02]
