source,target,homogeneous_matrix
/lidar/5295.ply,/lidar/5294.ply,"[[ 1.00000000e+00  0.00000000e+00  5.37287512e-18 -2.10616747e-19]
 [ 0.00000000e+00  1.00000000e+00  0.00000000e+00  0.00000000e+00]
 [ 5.37287512e-18  0.00000000e+00  1.00000000e+00 -3.92000079e-02]
 [ 0.00000000e+00  0.00000000e+00  0.00000000e+00  1.00000000e+00]]"
/lidar/5296.ply,/lidar/5295.ply,"[[ 1.00000000e+00  0.00000000e+00  5.37287512e-18 -3.42252574e-19]
 [ 0.00000000e+00  1.00000000e+00  0.00000000e+00  0.00000000e+00]
 [ 5.37287512e-18  0.00000000e+00  1.00000000e+00 -6.37000799e-02]
 [ 0.00000000e+00  0.00000000e+00  0.00000000e+00  1.00000000e+00]]"
/lidar/5297.ply,/lidar/5296.ply,"[[ 1.00000000e+00  0.00000000e+00  5.37287512e-18 -4.73887601e-19]
 [ 0.00000000e+00  1.00000000e+00  0.00000000e+00  0.00000000e+00]
 [ 5.37287512e-18  0.00000000e+00  1.00000000e+00 -8.82000029e-02]
 [ 0.00000000e+00  0.00000000e+00  0.00000000e+00  1.00000000e+00]]"
/lidar/5298.ply,/lidar/5297.ply,"[[ 1.00000000e+00  0.00000000e+00  5.37287512e-18 -6.05522467e-19]
 [ 0.00000000e+00  1.00000000e+00  0.00000000e+00  0.00000000e+00]
 [ 5.37287512e-18  0.00000000e+00  1.00000000e+00 -1.12699896e-01]
 [ 0.00000000e+00  0.00000000e+00  0.00000000e+00  1.00000000e+00]]"
/lidar/5299.ply,/lidar/5298.ply,"[[ 1.00000000e+00  0.00000000e+00  5.37287512e-18 -7.37158855e-19]
 [ 0.00000000e+00  1.00000000e+00  0.00000000e+00  0.00000000e+00]
 [ 5.37287512e-18  0.00000000e+00  1.00000000e+00 -1.37200072e-01]
 [ 0.00000000e+00  0.00000000e+00  0.00000000e+00  1.00000000e+00]]"
/lidar/5300.ply,/lidar/5299.ply,"[[ 1.00000000e+00  0.00000000e+00  5.37287512e-18 -7.92034460e-19]
 [ 0.00000000e+00  1.00000000e+00  0.00000000e+00 -4.76837158e-07]
 [ 5.37287512e-18  0.00000000e+00  1.00000000e+00 -1.47413525e-01]
 [ 0.00000000e+00  0.00000000e+00  0.00000000e+00  1.00000000e+00]]"
/lidar/5301.ply,/lidar/5300.ply,"[[ 1.00000000e+00  0.00000000e+00  5.37287512e-18 -4.39170786e-19]
 [ 0.00000000e+00  1.00000000e+00  0.00000000e+00  0.00000000e+00]
 [ 5.37287512e-18  0.00000000e+00  1.00000000e+00 -8.17385062e-02]
 [ 0.00000000e+00  0.00000000e+00  0.00000000e+00  1.00000000e+00]]"
/lidar/5302.ply,/lidar/5301.ply,"[[ 9.97537603e-01 -7.01335106e-02  1.44120871e-04 -6.79664530e-05]
 [ 7.01321028e-02  9.97499679e-01 -8.71078700e-03  2.87648728e-04]
 [ 4.67157549e-04  8.69944508e-03  9.99962050e-01 -1.23728693e-02]
 [ 0.00000000e+00  0.00000000e+00  0.00000000e+00  1.00000000e+00]]"
/lidar/5303.ply,/lidar/5302.ply,"[[ 9.97124210e-01 -7.57843579e-02 -2.01832488e-04  1.99877323e-05]
 [ 7.57786452e-02  9.97075435e-01 -9.90829965e-03  1.04320940e-04]
 [ 9.52136343e-04  9.86451087e-03  9.99950891e-01  1.08297740e-02]
 [ 0.00000000e+00  0.00000000e+00  0.00000000e+00  1.00000000e+00]]"
/lidar/5304.ply,/lidar/5303.ply,"[[ 9.99997374e-01 -2.29153879e-03 -1.94796651e-05  4.92773953e-05]
 [ 2.29152703e-03  9.99997204e-01 -5.83852348e-04  3.96537114e-06]
 [ 2.08175310e-05  5.83806177e-04  9.99999829e-01  1.46372674e-02]
 [ 0.00000000e+00  0.00000000e+00  0.00000000e+00  1.00000000e+00]]"
/lidar/5305.ply,/lidar/5304.ply,"[[ 9.99708494e-01  2.41428670e-02  2.21798818e-04  3.59965831e-05]
 [-2.41434231e-02  9.99704025e-01  2.99289123e-03 -2.09761527e-05]
 [-1.49476197e-04 -2.99737376e-03  9.99995497e-01  1.44521377e-02]
 [ 0.00000000e+00  0.00000000e+00  0.00000000e+00  1.00000000e+00]]"
/lidar/5306.ply,/lidar/5305.ply,"[[ 9.99563360e-01  2.95467113e-02  2.85554385e-04  2.01967300e-05]
 [-2.95475877e-02  9.99556065e-01  3.82266978e-03 -3.43785940e-05]
 [-1.72480297e-04 -3.82943809e-03  9.99992653e-01  1.23505670e-02]
 [ 0.00000000e+00  0.00000000e+00  0.00000000e+00  1.00000000e+00]]"
/lidar/5307.ply,/lidar/5306.ply,"[[ 9.99648399e-01  2.65149426e-02  1.89829873e-04 -1.35798518e-07]
 [-2.65154449e-02  9.99642277e-01  3.49998899e-03 -4.02548897e-05]
 [-9.69599595e-05 -3.50379181e-03  9.99993857e-01  9.60835320e-03]
 [ 0.00000000e+00  0.00000000e+00  0.00000000e+00  1.00000000e+00]]"
/lidar/5308.ply,/lidar/5307.ply,"[[ 9.99779190e-01  2.10133539e-02  1.00813130e-04 -5.53338627e-07]
 [-2.10135536e-02  9.99775288e-01  2.79355616e-03 -4.02175007e-05]
 [-4.20884914e-05 -2.79505776e-03  9.99996093e-01  6.93529638e-03]
 [ 0.00000000e+00  0.00000000e+00  0.00000000e+00  1.00000000e+00]]"
/lidar/5309.ply,/lidar/5308.ply,"[[ 9.99879859e-01  1.55004415e-02  6.39491086e-05 -3.74146472e-07]
 [-1.55005404e-02  9.99877733e-01  2.06188354e-03 -3.37640330e-05]
 [-3.19811847e-05 -2.06262707e-03  9.99997872e-01  4.66709532e-03]
 [ 0.00000000e+00  0.00000000e+00  0.00000000e+00  1.00000000e+00]]"
/lidar/5310.ply,/lidar/5309.ply,"[[ 9.99940316e-01  1.09253305e-02  3.04406993e-05 -4.05924011e-06]
 [-1.09253631e-02  9.99939276e-01  1.44226492e-03 -2.62741352e-05]
 [-1.46816299e-05 -1.44251142e-03  9.99998959e-01  2.91206695e-03]
 [ 0.00000000e+00  0.00000000e+00  0.00000000e+00  1.00000000e+00]]"
/lidar/5311.ply,/lidar/5310.ply,"[[ 9.99972303e-01  7.44264717e-03  1.36609042e-05 -1.30053504e-07]
 [-7.44265694e-03  9.99971829e-01  9.73191260e-04 -1.88969404e-05]
 [-6.41740023e-06 -9.73265979e-04  9.99999526e-01  1.65075305e-03]
 [ 0.00000000e+00  0.00000000e+00  0.00000000e+00  1.00000000e+00]]"
/lidar/5312.ply,/lidar/5311.ply,"[[ 9.99987898e-01  4.91981709e-03  5.79300593e-06 -7.68797678e-06]
 [-4.91981977e-03  9.99987698e-01  6.32508236e-04 -1.23274414e-05]
 [-2.68110983e-06 -6.32529082e-04  9.99999800e-01  8.05480958e-04]
 [ 0.00000000e+00  0.00000000e+00  0.00000000e+00  1.00000000e+00]]"
/lidar/5313.ply,/lidar/5312.ply,"[[ 9.99994879e-01  3.20018673e-03  2.35467274e-06 -3.84148369e-06]
 [-3.20018741e-03  9.99994799e-01  3.99918341e-04 -8.45847347e-06]
 [-1.07484713e-06 -3.99923828e-04  9.99999920e-01  2.80918242e-04]
 [ 0.00000000e+00  0.00000000e+00  0.00000000e+00  1.00000000e+00]]"
/lidar/5314.ply,/lidar/5313.ply,"[[ 9.99997981e-01  2.00941475e-03  9.18629246e-07  3.80413652e-06]
 [-2.00941491e-03  9.99997951e-01  2.46890963e-04 -5.25642362e-06]
 [-4.22521020e-07 -2.46892311e-04  9.99999970e-01 -1.44193049e-05]
 [ 0.00000000e+00  0.00000000e+00  0.00000000e+00  1.00000000e+00]]"
/lidar/5315.ply,/lidar/5314.ply,"[[ 9.99999194e-01  1.26929137e-03  3.49087549e-07  7.62570222e-06]
 [-1.26929141e-03  9.99999183e-01  1.48951374e-04 -2.89404059e-06]
 [-1.60024570e-07 -1.48951697e-04  9.99999989e-01 -1.56668519e-04]
 [ 0.00000000e+00  0.00000000e+00  0.00000000e+00  1.00000000e+00]]"
/lidar/5316.ply,/lidar/5315.ply,"[[ 9.99999705e-01  7.68567646e-04  1.27431599e-07  3.81283768e-06]
 [-7.68567655e-04  9.99999701e-01  8.77386313e-05 -2.40505325e-06]
 [-5.99984871e-08 -8.77387033e-05  9.99999996e-01 -2.04428821e-04]
 [ 0.00000000e+00  0.00000000e+00  0.00000000e+00  1.00000000e+00]]"
/lidar/5317.ply,/lidar/5316.ply,"[[ 1.00000000e+00 -8.36004633e-20  8.90824897e-18  0.00000000e+00]
 [-8.36004633e-20  1.00000000e+00  3.10794713e-20  0.00000000e+00]
 [ 8.90824897e-18  3.10794713e-20  1.00000000e+00  0.00000000e+00]
 [ 0.00000000e+00  0.00000000e+00  0.00000000e+00  1.00000000e+00]]"
/lidar/5318.ply,/lidar/5317.ply,"[[ 1.00000000e+00 -8.36004633e-20  8.90824897e-18  0.00000000e+00]
 [-8.36004633e-20  1.00000000e+00  3.10794713e-20  0.00000000e+00]
 [ 8.90824897e-18  3.10794713e-20  1.00000000e+00  0.00000000e+00]
 [ 0.00000000e+00  0.00000000e+00  0.00000000e+00  1.00000000e+00]]"
/lidar/5319.ply,/lidar/5318.ply,"[[ 1.00000000e+00 -8.36004633e-20  8.90824897e-18  0.00000000e+00]
 [-8.36004633e-20  1.00000000e+00  3.10794713e-20  0.00000000e+00]
 [ 8.90824897e-18  3.10794713e-20  1.00000000e+00  0.00000000e+00]
 [ 0.00000000e+00  0.00000000e+00  0.00000000e+00  1.00000000e+00]]"
/lidar/5320.ply,/lidar/5319.ply,"[[ 1.00000000e+00 -8.36004633e-20  8.90824897e-18  0.00000000e+00]
 [-8.36004633e-20  1.00000000e+00  3.10794713e-20  0.00000000e+00]
 [ 8.90824897e-18  3.10794713e-20  1.00000000e+00  0.00000000e+00]
 [ 0.00000000e+00  0.00000000e+00  0.00000000e+00  1.00000000e+00]]"
/lidar/5321.ply,/lidar/5320.ply,"[[ 1.00000000e+00 -8.36004633e-20  8.90824897e-18  0.00000000e+00]
 [-8.36004633e-20  1.00000000e+00  3.10794713e-20  0.00000000e+00]
 [ 8.90824897e-18  3.10794713e-20  1.00000000e+00  0.00000000e+00]
 [ 0.00000000e+00  0.00000000e+00  0.00000000e+00  1.00000000e+00]]"
/lidar/5322.ply,/lidar/5321.ply,"[[ 1.00000000e+00 -8.36004633e-20  8.90824897e-18  0.00000000e+00]
 [-8.36004633e-20  1.00000000e+00  3.10794713e-20  0.00000000e+00]
 [ 8.90824897e-18  3.10794713e-20  1.00000000e+00  0.00000000e+00]
 [ 0.00000000e+00  0.00000000e+00  0.00000000e+00  1.00000000e+00]]"
/lidar/5323.ply,/lidar/5322.ply,"[[ 1.00000000e+00 -8.36004633e-20  8.90824897e-18  0.00000000e+00]
 [-8.36004633e-20  1.00000000e+00  3.10794713e-20  0.00000000e+00]
 [ 8.90824897e-18  3.10794713e-20  1.00000000e+00  0.00000000e+00]
 [ 0.00000000e+00  0.00000000e+00  0.00000000e+00  1.00000000e+00]]"
/lidar/5324.ply,/lidar/5323.ply,"[[ 1.00000000e+00 -8.36004633e-20  8.90824897e-18  0.00000000e+00]
 [-8.36004633e-20  1.00000000e+00  3.10794713e-20  0.00000000e+00]
 [ 8.90824897e-18  3.10794713e-20  1.00000000e+00  0.00000000e+00]
 [ 0.00000000e+00  0.00000000e+00  0.00000000e+00  1.00000000e+00]]"
/lidar/5325.ply,/lidar/5324.ply,"[[ 1.00000000e+00 -8.36004633e-20  8.90824897e-18  0.00000000e+00]
 [-8.36004633e-20  1.00000000e+00  3.10794713e-20  0.00000000e+00]
 [ 8.90824897e-18  3.10794713e-20  1.00000000e+00  0.00000000e+00]
 [ 0.00000000e+00  0.00000000e+00  0.00000000e+00  1.00000000e+00]]"
/lidar/5326.ply,/lidar/5325.ply,"[[ 1.00000000e+00 -8.36004633e-20  8.90824897e-18  0.00000000e+00]
 [-8.36004633e-20  1.00000000e+00  3.10794713e-20  0.00000000e+00]
 [ 8.90824897e-18  3.10794713e-20  1.00000000e+00  0.00000000e+00]
 [ 0.00000000e+00  0.00000000e+00  0.00000000e+00  1.00000000e+00]]"
/lidar/5327.ply,/lidar/5326.ply,"[[ 1.00000000e+00 -8.36004633e-20  8.90824897e-18  0.00000000e+00]
 [-8.36004633e-20  1.00000000e+00  3.10794713e-20  0.00000000e+00]
 [ 8.90824897e-18  3.10794713e-20  1.00000000e+00  0.00000000e+00]
 [ 0.00000000e+00  0.00000000e+00  0.00000000e+00  1.00000000e+00]]"
/lidar/5328.ply,/lidar/5327.ply,"[[ 1.00000000e+00 -8.36004633e-20  8.90824897e-18  0.00000000e+00]
 [-8.36004633e-20  1.00000000e+00  3.10794713e-20  0.00000000e+00]
 [ 8.90824897e-18  3.10794713e-20  1.00000000e+00  0.00000000e+00]
 [ 0.00000000e+00  0.00000000e+00  0.00000000e+00  1.00000000e+00]]"
/lidar/5329.ply,/lidar/5328.ply,"[[ 1.00000000e+00 -8.36004633e-20  8.90824897e-18  0.00000000e+00]
 [-8.36004633e-20  1.00000000e+00  3.10794713e-20  0.00000000e+00]
 [ 8.90824897e-18  3.10794713e-20  1.00000000e+00  0.00000000e+00]
 [ 0.00000000e+00  0.00000000e+00  0.00000000e+00  1.00000000e+00]]"
/lidar/5330.ply,/lidar/5329.ply,"[[ 1.00000000e+00 -8.36004633e-20  8.90824897e-18  0.00000000e+00]
 [-8.36004633e-20  1.00000000e+00  3.10794713e-20  0.00000000e+00]
 [ 8.90824897e-18  3.10794713e-20  1.00000000e+00  0.00000000e+00]
 [ 0.00000000e+00  0.00000000e+00  0.00000000e+00  1.00000000e+00]]"
/lidar/5331.ply,/lidar/5330.ply,"[[ 1.00000000e+00 -8.36004633e-20  8.90824897e-18  0.00000000e+00]
 [-8.36004633e-20  1.00000000e+00  3.10794713e-20  0.00000000e+00]
 [ 8.90824897e-18  3.10794713e-20  1.00000000e+00  0.00000000e+00]
 [ 0.00000000e+00  0.00000000e+00  0.00000000e+00  1.00000000e+00]]"
/lidar/5332.ply,/lidar/5331.ply,"[[ 1.00000000e+00 -8.36004633e-20  8.90824897e-18  0.00000000e+00]
 [-8.36004633e-20  1.00000000e+00  3.10794713e-20  0.00000000e+00]
 [ 8.90824897e-18  3.10794713e-20  1.00000000e+00  0.00000000e+00]
 [ 0.00000000e+00  0.00000000e+00  0.00000000e+00  1.00000000e+00]]"
/lidar/5333.ply,/lidar/5332.ply,"[[ 1.00000000e+00 -8.36004633e-20  8.90824897e-18  0.00000000e+00]
 [-8.36004633e-20  1.00000000e+00  3.10794713e-20  0.00000000e+00]
 [ 8.90824897e-18  3.10794713e-20  1.00000000e+00  0.00000000e+00]
 [ 0.00000000e+00  0.00000000e+00  0.00000000e+00  1.00000000e+00]]"
/lidar/5334.ply,/lidar/5333.ply,"[[ 1.00000000e+00 -8.36004633e-20  8.90824897e-18  0.00000000e+00]
 [-8.36004633e-20  1.00000000e+00  3.10794713e-20  0.00000000e+00]
 [ 8.90824897e-18  3.10794713e-20  1.00000000e+00  0.00000000e+00]
 [ 0.00000000e+00  0.00000000e+00  0.00000000e+00  1.00000000e+00]]"
/lidar/5335.ply,/lidar/5334.ply,"[[ 1.00000000e+00 -8.36004633e-20  8.90824897e-18  0.00000000e+00]
 [-8.36004633e-20  1.00000000e+00  3.10794713e-20  0.00000000e+00]
 [ 8.90824897e-18  3.10794713e-20  1.00000000e+00  0.00000000e+00]
 [ 0.00000000e+00  0.00000000e+00  0.00000000e+00  1.00000000e+00]]"
/lidar/5336.ply,/lidar/5335.ply,"[[ 1.00000000e+00 -8.36004633e-20  8.90824897e-18  0.00000000e+00]
 [-8.36004633e-20  1.00000000e+00  3.10794713e-20  0.00000000e+00]
 [ 8.90824897e-18  3.10794713e-20  1.00000000e+00  0.00000000e+00]
 [ 0.00000000e+00  0.00000000e+00  0.00000000e+00  1.00000000e+00]]"
/lidar/5337.ply,/lidar/5336.ply,"[[ 1.00000000e+00 -8.36004633e-20  8.90824897e-18  0.00000000e+00]
 [-8.36004633e-20  1.00000000e+00  3.10794713e-20  0.00000000e+00]
 [ 8.90824897e-18  3.10794713e-20  1.00000000e+00  0.00000000e+00]
 [ 0.00000000e+00  0.00000000e+00  0.00000000e+00  1.00000000e+00]]"
/lidar/5338.ply,/lidar/5337.ply,"[[ 1.00000000e+00 -8.36004633e-20  8.90824897e-18  0.00000000e+00]
 [-8.36004633e-20  1.00000000e+00  3.10794713e-20  0.00000000e+00]
 [ 8.90824897e-18  3.10794713e-20  1.00000000e+00  0.00000000e+00]
 [ 0.00000000e+00  0.00000000e+00  0.00000000e+00  1.00000000e+00]]"
/lidar/5339.ply,/lidar/5338.ply,"[[ 1.00000000e+00 -8.36004633e-20  8.90824897e-18  0.00000000e+00]
 [-8.36004633e-20  1.00000000e+00  3.10794713e-20  0.00000000e+00]
 [ 8.90824897e-18  3.10794713e-20  1.00000000e+00  0.00000000e+00]
 [ 0.00000000e+00  0.00000000e+00  0.00000000e+00  1.00000000e+00]]"
/lidar/5340.ply,/lidar/5339.ply,"[[ 1.00000000e+00 -8.36004633e-20  8.90824897e-18  0.00000000e+00]
 [-8.36004633e-20  1.00000000e+00  3.10794713e-20  0.00000000e+00]
 [ 8.90824897e-18  3.10794713e-20  1.00000000e+00  0.00000000e+00]
 [ 0.00000000e+00  0.00000000e+00  0.00000000e+00  1.00000000e+00]]"
/lidar/5341.ply,/lidar/5340.ply,"[[ 1.00000000e+00 -8.36004633e-20  8.90824897e-18  0.00000000e+00]
 [-8.36004633e-20  1.00000000e+00  3.10794713e-20  0.00000000e+00]
 [ 8.90824897e-18  3.10794713e-20  1.00000000e+00  0.00000000e+00]
 [ 0.00000000e+00  0.00000000e+00  0.00000000e+00  1.00000000e+00]]"
/lidar/5342.ply,/lidar/5341.ply,"[[ 1.00000000e+00 -8.36004633e-20  8.90824897e-18  0.00000000e+00]
 [-8.36004633e-20  1.00000000e+00  3.10794713e-20  0.00000000e+00]
 [ 8.90824897e-18  3.10794713e-20  1.00000000e+00  0.00000000e+00]
 [ 0.00000000e+00  0.00000000e+00  0.00000000e+00  1.00000000e+00]]"
/lidar/5343.ply,/lidar/5342.ply,"[[ 1.00000000e+00 -8.36004633e-20  8.90824897e-18  0.00000000e+00]
 [-8.36004633e-20  1.00000000e+00  3.10794713e-20  0.00000000e+00]
 [ 8.90824897e-18  3.10794713e-20  1.00000000e+00  0.00000000e+00]
 [ 0.00000000e+00  0.00000000e+00  0.00000000e+00  1.00000000e+00]]"
/lidar/5344.ply,/lidar/5343.ply,"[[ 1.00000000e+00 -8.36004633e-20  8.90824897e-18  0.00000000e+00]
 [-8.36004633e-20  1.00000000e+00  3.10794713e-20  0.00000000e+00]
 [ 8.90824897e-18  3.10794713e-20  1.00000000e+00  0.00000000e+00]
 [ 0.00000000e+00  0.00000000e+00  0.00000000e+00  1.00000000e+00]]"
/lidar/5345.ply,/lidar/5344.ply,"[[ 1.00000000e+00 -8.36004633e-20  8.90824897e-18  0.00000000e+00]
 [-8.36004633e-20  1.00000000e+00  3.10794713e-20  0.00000000e+00]
 [ 8.90824897e-18  3.10794713e-20  1.00000000e+00  0.00000000e+00]
 [ 0.00000000e+00  0.00000000e+00  0.00000000e+00  1.00000000e+00]]"
/lidar/5346.ply,/lidar/5345.ply,"[[ 1.00000000e+00 -8.36004633e-20  8.90824897e-18  0.00000000e+00]
 [-8.36004633e-20  1.00000000e+00  3.10794713e-20  0.00000000e+00]
 [ 8.90824897e-18  3.10794713e-20  1.00000000e+00  0.00000000e+00]
 [ 0.00000000e+00  0.00000000e+00  0.00000000e+00  1.00000000e+00]]"
/lidar/5347.ply,/lidar/5346.ply,"[[ 1.00000000e+00 -8.36004633e-20  8.90824897e-18  0.00000000e+00]
 [-8.36004633e-20  1.00000000e+00  3.10794713e-20  0.00000000e+00]
 [ 8.90824897e-18  3.10794713e-20  1.00000000e+00  0.00000000e+00]
 [ 0.00000000e+00  0.00000000e+00  0.00000000e+00  1.00000000e+00]]"
/lidar/5348.ply,/lidar/5347.ply,"[[ 1.00000000e+00 -8.36004633e-20  8.90824897e-18  0.00000000e+00]
 [-8.36004633e-20  1.00000000e+00  3.10794713e-20  0.00000000e+00]
 [ 8.90824897e-18  3.10794713e-20  1.00000000e+00  0.00000000e+00]
 [ 0.00000000e+00  0.00000000e+00  0.00000000e+00  1.00000000e+00]]"
/lidar/5349.ply,/lidar/5348.ply,"[[ 1.00000000e+00 -8.36004633e-20  8.90824897e-18  0.00000000e+00]
 [-8.36004633e-20  1.00000000e+00  3.10794713e-20  0.00000000e+00]
 [ 8.90824897e-18  3.10794713e-20  1.00000000e+00  0.00000000e+00]
 [ 0.00000000e+00  0.00000000e+00  0.00000000e+00  1.00000000e+00]]"
/lidar/5350.ply,/lidar/5349.ply,"[[ 1.00000000e+00 -8.36004633e-20  8.90824897e-18  0.00000000e+00]
 [-8.36004633e-20  1.00000000e+00  3.10794713e-20  0.00000000e+00]
 [ 8.90824897e-18  3.10794713e-20  1.00000000e+00  0.00000000e+00]
 [ 0.00000000e+00  0.00000000e+00  0.00000000e+00  1.00000000e+00]]"
/lidar/5351.ply,/lidar/5350.ply,"[[ 1.00000000e+00 -8.36004633e-20  8.90824897e-18  0.00000000e+00]
 [-8.36004633e-20  1.00000000e+00  3.10794713e-20  0.00000000e+00]
 [ 8.90824897e-18  3.10794713e-20  1.00000000e+00  0.00000000e+00]
 [ 0.00000000e+00  0.00000000e+00  0.00000000e+00  1.00000000e+00]]"
/lidar/5352.ply,/lidar/5351.ply,"[[ 1.00000000e+00 -8.36004633e-20  8.90824897e-18  0.00000000e+00]
 [-8.36004633e-20  1.00000000e+00  3.10794713e-20  0.00000000e+00]
 [ 8.90824897e-18  3.10794713e-20  1.00000000e+00  0.00000000e+00]
 [ 0.00000000e+00  0.00000000e+00  0.00000000e+00  1.00000000e+00]]"
/lidar/5353.ply,/lidar/5352.ply,"[[ 1.00000000e+00 -8.36004633e-20  8.90824897e-18  0.00000000e+00]
 [-8.36004633e-20  1.00000000e+00  3.10794713e-20  0.00000000e+00]
 [ 8.90824897e-18  3.10794713e-20  1.00000000e+00  0.00000000e+00]
 [ 0.00000000e+00  0.00000000e+00  0.00000000e+00  1.00000000e+00]]"
/lidar/5354.ply,/lidar/5353.ply,"[[ 1.00000000e+00 -8.36004633e-20  8.90824897e-18  0.00000000e+00]
 [-8.36004633e-20  1.00000000e+00  3.10794713e-20  0.00000000e+00]
 [ 8.90824897e-18  3.10794713e-20  1.00000000e+00  0.00000000e+00]
 [ 0.00000000e+00  0.00000000e+00  0.00000000e+00  1.00000000e+00]]"
/lidar/5355.ply,/lidar/5354.ply,"[[ 1.00000000e+00 -8.36004633e-20  8.90824897e-18  0.00000000e+00]
 [-8.36004633e-20  1.00000000e+00  3.10794713e-20  0.00000000e+00]
 [ 8.90824897e-18  3.10794713e-20  1.00000000e+00  0.00000000e+00]
 [ 0.00000000e+00  0.00000000e+00  0.00000000e+00  1.00000000e+00]]"
/lidar/5356.ply,/lidar/5355.ply,"[[ 1.00000000e+00 -8.36004633e-20  8.90824897e-18  0.00000000e+00]
 [-8.36004633e-20  1.00000000e+00  3.10794713e-20  0.00000000e+00]
 [ 8.90824897e-18  3.10794713e-20  1.00000000e+00  0.00000000e+00]
 [ 0.00000000e+00  0.00000000e+00  0.00000000e+00  1.00000000e+00]]"
/lidar/5357.ply,/lidar/5356.ply,"[[ 1.00000000e+00 -8.36004633e-20  8.90824897e-18  0.00000000e+00]
 [-8.36004633e-20  1.00000000e+00  3.10794713e-20  0.00000000e+00]
 [ 8.90824897e-18  3.10794713e-20  1.00000000e+00  0.00000000e+00]
 [ 0.00000000e+00  0.00000000e+00  0.00000000e+00  1.00000000e+00]]"
/lidar/5358.ply,/lidar/5357.ply,"[[ 1.00000000e+00 -8.36004633e-20  8.90824897e-18  0.00000000e+00]
 [-8.36004633e-20  1.00000000e+00  3.10794713e-20  0.00000000e+00]
 [ 8.90824897e-18  3.10794713e-20  1.00000000e+00  0.00000000e+00]
 [ 0.00000000e+00  0.00000000e+00  0.00000000e+00  1.00000000e+00]]"
/lidar/5359.ply,/lidar/5358.ply,"[[ 1.00000000e+00 -8.36004633e-20  8.90824897e-18  0.00000000e+00]
 [-8.36004633e-20  1.00000000e+00  3.10794713e-20  0.00000000e+00]
 [ 8.90824897e-18  3.10794713e-20  1.00000000e+00  0.00000000e+00]
 [ 0.00000000e+00  0.00000000e+00  0.00000000e+00  1.00000000e+00]]"
/lidar/5360.ply,/lidar/5359.ply,"[[ 1.00000000e+00 -8.36004633e-20  8.90824897e-18  0.00000000e+00]
 [-8.36004633e-20  1.00000000e+00  3.10794713e-20  0.00000000e+00]
 [ 8.90824897e-18  3.10794713e-20  1.00000000e+00  0.00000000e+00]
 [ 0.00000000e+00  0.00000000e+00  0.00000000e+00  1.00000000e+00]]"
/lidar/5361.ply,/lidar/5360.ply,"[[ 1.00000000e+00 -8.36004633e-20  8.90824897e-18  0.00000000e+00]
 [-8.36004633e-20  1.00000000e+00  3.10794713e-20  0.00000000e+00]
 [ 8.90824897e-18  3.10794713e-20  1.00000000e+00  0.00000000e+00]
 [ 0.00000000e+00  0.00000000e+00  0.00000000e+00  1.00000000e+00]]"
/lidar/5362.ply,/lidar/5361.ply,"[[ 1.00000000e+00 -8.36004633e-20  8.90824897e-18  0.00000000e+00]
 [-8.36004633e-20  1.00000000e+00  3.10794713e-20  0.00000000e+00]
 [ 8.90824897e-18  3.10794713e-20  1.00000000e+00  0.00000000e+00]
 [ 0.00000000e+00  0.00000000e+00  0.00000000e+00  1.00000000e+00]]"
/lidar/5363.ply,/lidar/5362.ply,"[[ 1.00000000e+00 -8.36004633e-20  8.90824897e-18  0.00000000e+00]
 [-8.36004633e-20  1.00000000e+00  3.10794713e-20  0.00000000e+00]
 [ 8.90824897e-18  3.10794713e-20  1.00000000e+00  0.00000000e+00]
 [ 0.00000000e+00  0.00000000e+00  0.00000000e+00  1.00000000e+00]]"
/lidar/5364.ply,/lidar/5363.ply,"[[ 1.00000000e+00 -8.36004633e-20  8.90824897e-18  0.00000000e+00]
 [-8.36004633e-20  1.00000000e+00  3.10794713e-20  0.00000000e+00]
 [ 8.90824897e-18  3.10794713e-20  1.00000000e+00  0.00000000e+00]
 [ 0.00000000e+00  0.00000000e+00  0.00000000e+00  1.00000000e+00]]"
/lidar/5365.ply,/lidar/5364.ply,"[[ 1.00000000e+00 -8.36004633e-20  8.90824897e-18  0.00000000e+00]
 [-8.36004633e-20  1.00000000e+00  3.10794713e-20  0.00000000e+00]
 [ 8.90824897e-18  3.10794713e-20  1.00000000e+00  0.00000000e+00]
 [ 0.00000000e+00  0.00000000e+00  0.00000000e+00  1.00000000e+00]]"
/lidar/5366.ply,/lidar/5365.ply,"[[ 1.00000000e+00 -8.36004633e-20  8.90824897e-18  0.00000000e+00]
 [-8.36004633e-20  1.00000000e+00  3.10794713e-20  0.00000000e+00]
 [ 8.90824897e-18  3.10794713e-20  1.00000000e+00  0.00000000e+00]
 [ 0.00000000e+00  0.00000000e+00  0.00000000e+00  1.00000000e+00]]"
/lidar/5367.ply,/lidar/5366.ply,"[[ 1.00000000e+00 -8.36004633e-20  8.90824897e-18  0.00000000e+00]
 [-8.36004633e-20  1.00000000e+00  3.10794713e-20  0.00000000e+00]
 [ 8.90824897e-18  3.10794713e-20  1.00000000e+00  0.00000000e+00]
 [ 0.00000000e+00  0.00000000e+00  0.00000000e+00  1.00000000e+00]]"
/lidar/5368.ply,/lidar/5367.ply,"[[ 1.00000000e+00 -8.36004633e-20  8.90824897e-18  0.00000000e+00]
 [-8.36004633e-20  1.00000000e+00  3.10794713e-20  0.00000000e+00]
 [ 8.90824897e-18  3.10794713e-20  1.00000000e+00  0.00000000e+00]
 [ 0.00000000e+00  0.00000000e+00  0.00000000e+00  1.00000000e+00]]"
/lidar/5369.ply,/lidar/5368.ply,"[[ 1.00000000e+00 -8.36004633e-20  8.90824897e-18  0.00000000e+00]
 [-8.36004633e-20  1.00000000e+00  3.10794713e-20  0.00000000e+00]
 [ 8.90824897e-18  3.10794713e-20  1.00000000e+00  0.00000000e+00]
 [ 0.00000000e+00  0.00000000e+00  0.00000000e+00  1.00000000e+00]]"
/lidar/5370.ply,/lidar/5369.ply,"[[ 1.00000000e+00 -8.36004633e-20  8.90824897e-18  0.00000000e+00]
 [-8.36004633e-20  1.00000000e+00  3.10794713e-20  0.00000000e+00]
 [ 8.90824897e-18  3.10794713e-20  1.00000000e+00  0.00000000e+00]
 [ 0.00000000e+00  0.00000000e+00  0.00000000e+00  1.00000000e+00]]"
/lidar/5371.ply,/lidar/5370.ply,"[[ 1.00000000e+00 -8.36004633e-20  8.90824897e-18  0.00000000e+00]
 [-8.36004633e-20  1.00000000e+00  3.10794713e-20  0.00000000e+00]
 [ 8.90824897e-18  3.10794713e-20  1.00000000e+00  0.00000000e+00]
 [ 0.00000000e+00  0.00000000e+00  0.00000000e+00  1.00000000e+00]]"
/lidar/5372.ply,/lidar/5371.ply,"[[ 1.00000000e+00 -8.36004633e-20  8.90824897e-18  0.00000000e+00]
 [-8.36004633e-20  1.00000000e+00  3.10794713e-20  0.00000000e+00]
 [ 8.90824897e-18  3.10794713e-20  1.00000000e+00  0.00000000e+00]
 [ 0.00000000e+00  0.00000000e+00  0.00000000e+00  1.00000000e+00]]"
/lidar/5373.ply,/lidar/5372.ply,"[[ 1.00000000e+00 -8.36004633e-20  8.90824897e-18  0.00000000e+00]
 [-8.36004633e-20  1.00000000e+00  3.10794713e-20  0.00000000e+00]
 [ 8.90824897e-18  3.10794713e-20  1.00000000e+00  0.00000000e+00]
 [ 0.00000000e+00  0.00000000e+00  0.00000000e+00  1.00000000e+00]]"
/lidar/5374.ply,/lidar/5373.ply,"[[ 1.00000000e+00 -8.36004633e-20  8.90824897e-18  0.00000000e+00]
 [-8.36004633e-20  1.00000000e+00  3.10794713e-20  0.00000000e+00]
 [ 8.90824897e-18  3.10794713e-20  1.00000000e+00  0.00000000e+00]
 [ 0.00000000e+00  0.00000000e+00  0.00000000e+00  1.00000000e+00]]"
/lidar/5375.ply,/lidar/5374.ply,"[[ 1.00000000e+00 -8.36004633e-20  8.90824897e-18  0.00000000e+00]
 [-8.36004633e-20  1.00000000e+00  3.10794713e-20  0.00000000e+00]
 [ 8.90824897e-18  3.10794713e-20  1.00000000e+00  0.00000000e+00]
 [ 0.00000000e+00  0.00000000e+00  0.00000000e+00  1.00000000e+00]]"
/lidar/5376.ply,/lidar/5375.ply,"[[ 1.00000000e+00 -8.36004633e-20  8.90824897e-18  0.00000000e+00]
 [-8.36004633e-20  1.00000000e+00  3.10794713e-20  0.00000000e+00]
 [ 8.90824897e-18  3.10794713e-20  1.00000000e+00  0.00000000e+00]
 [ 0.00000000e+00  0.00000000e+00  0.00000000e+00  1.00000000e+00]]"
/lidar/5377.ply,/lidar/5376.ply,"[[ 1.00000000e+00 -8.36004633e-20  8.90824897e-18  0.00000000e+00]
 [-8.36004633e-20  1.00000000e+00  3.10794713e-20  0.00000000e+00]
 [ 8.90824897e-18  3.10794713e-20  1.00000000e+00  0.00000000e+00]
 [ 0.00000000e+00  0.00000000e+00  0.00000000e+00  1.00000000e+00]]"
/lidar/5378.ply,/lidar/5377.ply,"[[ 1.00000000e+00 -8.36004633e-20  8.90824897e-18  0.00000000e+00]
 [-8.36004633e-20  1.00000000e+00  3.10794713e-20  0.00000000e+00]
 [ 8.90824897e-18  3.10794713e-20  1.00000000e+00  0.00000000e+00]
 [ 0.00000000e+00  0.00000000e+00  0.00000000e+00  1.00000000e+00]]"
/lidar/5379.ply,/lidar/5378.ply,"[[ 1.00000000e+00 -8.36004633e-20  8.90824897e-18  0.00000000e+00]
 [-8.36004633e-20  1.00000000e+00  3.10794713e-20  0.00000000e+00]
 [ 8.90824897e-18  3.10794713e-20  1.00000000e+00  0.00000000e+00]
 [ 0.00000000e+00  0.00000000e+00  0.00000000e+00  1.00000000e+00]]"
/lidar/5380.ply,/lidar/5379.ply,"[[ 1.00000000e+00 -8.36004633e-20  8.90824897e-18  0.00000000e+00]
 [-8.36004633e-20  1.00000000e+00  3.10794713e-20  0.00000000e+00]
 [ 8.90824897e-18  3.10794713e-20  1.00000000e+00  0.00000000e+00]
 [ 0.00000000e+00  0.00000000e+00  0.00000000e+00  1.00000000e+00]]"
/lidar/5381.ply,/lidar/5380.ply,"[[ 1.00000000e+00 -8.36004633e-20  8.90824897e-18  0.00000000e+00]
 [-8.36004633e-20  1.00000000e+00  3.10794713e-20  0.00000000e+00]
 [ 8.90824897e-18  3.10794713e-20  1.00000000e+00  0.00000000e+00]
 [ 0.00000000e+00  0.00000000e+00  0.00000000e+00  1.00000000e+00]]"
/lidar/5382.ply,/lidar/5381.ply,"[[ 1.00000000e+00 -8.36004633e-20  8.90824897e-18  0.00000000e+00]
 [-8.36004633e-20  1.00000000e+00  3.10794713e-20  0.00000000e+00]
 [ 8.90824897e-18  3.10794713e-20  1.00000000e+00  0.00000000e+00]
 [ 0.00000000e+00  0.00000000e+00  0.00000000e+00  1.00000000e+00]]"
/lidar/5383.ply,/lidar/5382.ply,"[[ 1.00000000e+00 -8.36004633e-20  8.90824897e-18  0.00000000e+00]
 [-8.36004633e-20  1.00000000e+00  3.10794713e-20  0.00000000e+00]
 [ 8.90824897e-18  3.10794713e-20  1.00000000e+00  0.00000000e+00]
 [ 0.00000000e+00  0.00000000e+00  0.00000000e+00  1.00000000e+00]]"
/lidar/5384.ply,/lidar/5383.ply,"[[ 1.00000000e+00 -8.36004633e-20  8.90824897e-18  0.00000000e+00]
 [-8.36004633e-20  1.00000000e+00  3.10794713e-20  0.00000000e+00]
 [ 8.90824897e-18  3.10794713e-20  1.00000000e+00  0.00000000e+00]
 [ 0.00000000e+00  0.00000000e+00  0.00000000e+00  1.00000000e+00]]"
/lidar/5385.ply,/lidar/5384.ply,"[[ 1.00000000e+00 -8.36004633e-20  8.90824897e-18  0.00000000e+00]
 [-8.36004633e-20  1.00000000e+00  3.10794713e-20  0.00000000e+00]
 [ 8.90824897e-18  3.10794713e-20  1.00000000e+00  0.00000000e+00]
 [ 0.00000000e+00  0.00000000e+00  0.00000000e+00  1.00000000e+00]]"
/lidar/5386.ply,/lidar/5385.ply,"[[ 1.00000000e+00 -8.36004633e-20  8.90824897e-18  0.00000000e+00]
 [-8.36004633e-20  1.00000000e+00  3.10794713e-20  0.00000000e+00]
 [ 8.90824897e-18  3.10794713e-20  1.00000000e+00  0.00000000e+00]
 [ 0.00000000e+00  0.00000000e+00  0.00000000e+00  1.00000000e+00]]"
/lidar/5387.ply,/lidar/5386.ply,"[[ 1.00000000e+00 -8.36004633e-20  8.90824897e-18  0.00000000e+00]
 [-8.36004633e-20  1.00000000e+00  3.10794713e-20  0.00000000e+00]
 [ 8.90824897e-18  3.10794713e-20  1.00000000e+00  0.00000000e+00]
 [ 0.00000000e+00  0.00000000e+00  0.00000000e+00  1.00000000e+00]]"
/lidar/5388.ply,/lidar/5387.ply,"[[ 1.00000000e+00 -8.36004633e-20  8.90824897e-18  0.00000000e+00]
 [-8.36004633e-20  1.00000000e+00  3.10794713e-20  0.00000000e+00]
 [ 8.90824897e-18  3.10794713e-20  1.00000000e+00  0.00000000e+00]
 [ 0.00000000e+00  0.00000000e+00  0.00000000e+00  1.00000000e+00]]"
/lidar/5389.ply,/lidar/5388.ply,"[[ 1.00000000e+00 -8.36004633e-20  8.90824897e-18  0.00000000e+00]
 [-8.36004633e-20  1.00000000e+00  3.10794713e-20  0.00000000e+00]
 [ 8.90824897e-18  3.10794713e-20  1.00000000e+00  0.00000000e+00]
 [ 0.00000000e+00  0.00000000e+00  0.00000000e+00  1.00000000e+00]]"
/lidar/5390.ply,/lidar/5389.ply,"[[ 1.00000000e+00 -8.36004633e-20  8.90824897e-18  0.00000000e+00]
 [-8.36004633e-20  1.00000000e+00  3.10794713e-20  0.00000000e+00]
 [ 8.90824897e-18  3.10794713e-20  1.00000000e+00  0.00000000e+00]
 [ 0.00000000e+00  0.00000000e+00  0.00000000e+00  1.00000000e+00]]"
/lidar/5391.ply,/lidar/5390.ply,"[[ 1.00000000e+00 -8.36004633e-20  8.90824897e-18  0.00000000e+00]
 [-8.36004633e-20  1.00000000e+00  3.10794713e-20  0.00000000e+00]
 [ 8.90824897e-18  3.10794713e-20  1.00000000e+00  0.00000000e+00]
 [ 0.00000000e+00  0.00000000e+00  0.00000000e+00  1.00000000e+00]]"
/lidar/5392.ply,/lidar/5391.ply,"[[ 1.00000000e+00 -8.36004633e-20  8.90824897e-18  0.00000000e+00]
 [-8.36004633e-20  1.00000000e+00  3.10794713e-20  0.00000000e+00]
 [ 8.90824897e-18  3.10794713e-20  1.00000000e+00  0.00000000e+00]
 [ 0.00000000e+00  0.00000000e+00  0.00000000e+00  1.00000000e+00]]"
/lidar/5393.ply,/lidar/5392.ply,"[[ 1.00000000e+00 -8.36004633e-20  8.90824897e-18  0.00000000e+00]
 [-8.36004633e-20  1.00000000e+00  3.10794713e-20  0.00000000e+00]
 [ 8.90824897e-18  3.10794713e-20  1.00000000e+00  0.00000000e+00]
 [ 0.00000000e+00  0.00000000e+00  0.00000000e+00  1.00000000e+00]]"
/lidar/5394.ply,/lidar/5393.ply,"[[ 1.00000000e+00 -8.36004633e-20  8.90824897e-18  0.00000000e+00]
 [-8.36004633e-20  1.00000000e+00  3.10794713e-20  0.00000000e+00]
 [ 8.90824897e-18  3.10794713e-20  1.00000000e+00  0.00000000e+00]
 [ 0.00000000e+00  0.00000000e+00  0.00000000e+00  1.00000000e+00]]"
/lidar/5395.ply,/lidar/5394.ply,"[[ 1.00000000e+00 -8.36004633e-20  8.90824897e-18  0.00000000e+00]
 [-8.36004633e-20  1.00000000e+00  3.10794713e-20  0.00000000e+00]
 [ 8.90824897e-18  3.10794713e-20  1.00000000e+00  0.00000000e+00]
 [ 0.00000000e+00  0.00000000e+00  0.00000000e+00  1.00000000e+00]]"
/lidar/5396.ply,/lidar/5395.ply,"[[ 1.00000000e+00 -8.36004633e-20  8.90824897e-18  0.00000000e+00]
 [-8.36004633e-20  1.00000000e+00  3.10794713e-20  0.00000000e+00]
 [ 8.90824897e-18  3.10794713e-20  1.00000000e+00  0.00000000e+00]
 [ 0.00000000e+00  0.00000000e+00  0.00000000e+00  1.00000000e+00]]"
/lidar/5397.ply,/lidar/5396.ply,"[[ 1.00000000e+00 -8.36004633e-20  8.90824897e-18  0.00000000e+00]
 [-8.36004633e-20  1.00000000e+00  3.10794713e-20  0.00000000e+00]
 [ 8.90824897e-18  3.10794713e-20  1.00000000e+00  0.00000000e+00]
 [ 0.00000000e+00  0.00000000e+00  0.00000000e+00  1.00000000e+00]]"
/lidar/5398.ply,/lidar/5397.ply,"[[ 1.00000000e+00 -8.36004633e-20  8.90824897e-18  0.00000000e+00]
 [-8.36004633e-20  1.00000000e+00  3.10794713e-20  0.00000000e+00]
 [ 8.90824897e-18  3.10794713e-20  1.00000000e+00  0.00000000e+00]
 [ 0.00000000e+00  0.00000000e+00  0.00000000e+00  1.00000000e+00]]"
/lidar/5399.ply,/lidar/5398.ply,"[[ 1.00000000e+00 -8.36004633e-20  8.90824897e-18  0.00000000e+00]
 [-8.36004633e-20  1.00000000e+00  3.10794713e-20  0.00000000e+00]
 [ 8.90824897e-18  3.10794713e-20  1.00000000e+00  0.00000000e+00]
 [ 0.00000000e+00  0.00000000e+00  0.00000000e+00  1.00000000e+00]]"
/lidar/5400.ply,/lidar/5399.ply,"[[ 1.00000000e+00 -8.36004633e-20  8.90824897e-18  0.00000000e+00]
 [-8.36004633e-20  1.00000000e+00  3.10794713e-20  0.00000000e+00]
 [ 8.90824897e-18  3.10794713e-20  1.00000000e+00  0.00000000e+00]
 [ 0.00000000e+00  0.00000000e+00  0.00000000e+00  1.00000000e+00]]"
/lidar/5401.ply,/lidar/5400.ply,"[[ 1.00000000e+00 -8.36004633e-20  8.90824897e-18  0.00000000e+00]
 [-8.36004633e-20  1.00000000e+00  3.10794713e-20  0.00000000e+00]
 [ 8.90824897e-18  3.10794713e-20  1.00000000e+00  0.00000000e+00]
 [ 0.00000000e+00  0.00000000e+00  0.00000000e+00  1.00000000e+00]]"
/lidar/5402.ply,/lidar/5401.ply,"[[ 1.00000000e+00 -8.36004633e-20  8.90824897e-18  0.00000000e+00]
 [-8.36004633e-20  1.00000000e+00  3.10794713e-20  0.00000000e+00]
 [ 8.90824897e-18  3.10794713e-20  1.00000000e+00  0.00000000e+00]
 [ 0.00000000e+00  0.00000000e+00  0.00000000e+00  1.00000000e+00]]"
/lidar/5403.ply,/lidar/5402.ply,"[[ 1.00000000e+00 -8.36004633e-20  8.90824897e-18  0.00000000e+00]
 [-8.36004633e-20  1.00000000e+00  3.10794713e-20  0.00000000e+00]
 [ 8.90824897e-18  3.10794713e-20  1.00000000e+00  0.00000000e+00]
 [ 0.00000000e+00  0.00000000e+00  0.00000000e+00  1.00000000e+00]]"
/lidar/5404.ply,/lidar/5403.ply,"[[ 1.00000000e+00 -8.36004633e-20  8.90824897e-18  0.00000000e+00]
 [-8.36004633e-20  1.00000000e+00  3.10794713e-20  0.00000000e+00]
 [ 8.90824897e-18  3.10794713e-20  1.00000000e+00  0.00000000e+00]
 [ 0.00000000e+00  0.00000000e+00  0.00000000e+00  1.00000000e+00]]"
/lidar/5405.ply,/lidar/5404.ply,"[[ 1.00000000e+00 -8.36004633e-20  8.90824897e-18  0.00000000e+00]
 [-8.36004633e-20  1.00000000e+00  3.10794713e-20  0.00000000e+00]
 [ 8.90824897e-18  3.10794713e-20  1.00000000e+00  0.00000000e+00]
 [ 0.00000000e+00  0.00000000e+00  0.00000000e+00  1.00000000e+00]]"
/lidar/5406.ply,/lidar/5405.ply,"[[ 9.99999882e-01  4.85614035e-04  4.21870228e-08 -7.10888648e-10]
 [-4.85614036e-04  9.99999881e-01  4.69299939e-05 -1.44854620e-06]
 [-1.93971540e-08 -4.69300089e-05  9.99999999e-01 -3.84293429e-04]
 [ 0.00000000e+00  0.00000000e+00  0.00000000e+00  1.00000000e+00]]"
/lidar/5407.ply,/lidar/5406.ply,"[[ 9.99999987e-01  1.61180022e-04  6.21723997e-09  3.81469625e-06]
 [-1.61180022e-04  9.99999987e-01  1.22426105e-05 -2.51327874e-09]
 [-4.24397570e-09 -1.22426113e-05  1.00000000e+00 -1.55067071e-04]
 [ 0.00000000e+00  0.00000000e+00  0.00000000e+00  1.00000000e+00]]"
/lidar/5408.ply,/lidar/5407.ply,"[[ 9.99999991e-01  1.30662473e-04  4.72278094e-09 -1.25084168e-10]
 [-1.30662473e-04  9.99999991e-01  1.22426112e-05 -9.54904907e-07]
 [-3.12313110e-09 -1.22426117e-05  1.00000000e+00 -1.00517634e-04]
 [ 0.00000000e+00  0.00000000e+00  0.00000000e+00  1.00000000e+00]]"
/lidar/5409.ply,/lidar/5408.ply,"[[ 1.00000000e+00 -1.08141947e-21  2.64401285e-17 -1.58151956e-21]
 [-1.08141947e-21  1.00000000e+00  1.95009037e-20 -1.16644897e-24]
 [ 2.64401285e-17  1.95009037e-20  1.00000000e+00 -5.98151237e-05]
 [ 0.00000000e+00  0.00000000e+00  0.00000000e+00  1.00000000e+00]]"
/lidar/5410.ply,/lidar/5409.ply,"[[ 9.99999979e-01  2.04734215e-04  4.90898317e-09 -1.55982271e-13]
 [-2.04734215e-04  9.99999979e-01  1.63234820e-05 -5.18676415e-10]
 [-1.56700776e-09 -1.63234827e-05  1.00000000e+00 -3.17748636e-05]
 [ 0.00000000e+00  0.00000000e+00  0.00000000e+00  1.00000000e+00]]"
/lidar/5411.ply,/lidar/5410.ply,"[[ 1.00000000e+00 -5.39860723e-21  2.35059634e-17 -3.17428698e-22]
 [-5.39860723e-21  1.00000000e+00  1.06915058e-21 -1.44379990e-26]
 [ 2.35059634e-17  1.06915058e-21  1.00000000e+00 -1.35041773e-05]
 [ 0.00000000e+00  0.00000000e+00  0.00000000e+00  1.00000000e+00]]"
/lidar/5412.ply,/lidar/5411.ply,"[[ 1.00000000e+00 -5.39860723e-21  2.35059634e-17 -6.63728612e-23]
 [-5.39860723e-21  1.00000000e+00  1.06915058e-21 -4.76837158e-07]
 [ 2.35059634e-17  1.06915058e-21  1.00000000e+00 -2.82377005e-06]
 [ 0.00000000e+00  0.00000000e+00  0.00000000e+00  1.00000000e+00]]"
/lidar/5413.ply,/lidar/5412.ply,"[[ 1.00000000e+00 -5.39860723e-21  2.35059634e-17  6.81705494e-23]
 [-5.39860723e-21  1.00000000e+00  1.06915058e-21  3.10068476e-27]
 [ 2.35059634e-17  1.06915058e-21  1.00000000e+00  2.90013850e-06]
 [ 0.00000000e+00  0.00000000e+00  0.00000000e+00  1.00000000e+00]]"
/lidar/5414.ply,/lidar/5413.ply,"[[ 1.00000000e+00 -5.39860723e-21  2.35059634e-17  5.19707400e-23]
 [-5.39860723e-21  1.00000000e+00  1.06915058e-21  2.36384895e-27]
 [ 2.35059634e-17  1.06915058e-21  1.00000000e+00  2.21095979e-06]
 [ 0.00000000e+00  0.00000000e+00  0.00000000e+00  1.00000000e+00]]"
/lidar/5415.ply,/lidar/5414.ply,"[[ 9.99999993e-01  1.17625892e-04  1.10270745e-09  4.67068839e-15]
 [-1.17625892e-04  9.99999993e-01  8.16174131e-06  3.45703210e-11]
 [-1.42675379e-10 -8.16174138e-06  1.00000000e+00  4.23565507e-06]
 [ 0.00000000e+00  0.00000000e+00  0.00000000e+00  1.00000000e+00]]"
/lidar/5416.ply,/lidar/5415.ply,"[[ 1.00000000e+00  1.16244080e-20 -6.46666361e-17 -3.20640551e-22]
 [ 1.16244080e-20  1.00000000e+00 -8.86887379e-22 -4.39750813e-27]
 [-6.46666361e-17 -8.86887379e-22  1.00000000e+00  4.95836139e-06]
 [ 0.00000000e+00  0.00000000e+00  0.00000000e+00  1.00000000e+00]]"
/lidar/5417.ply,/lidar/5416.ply,"[[ 1.00000000e+00  1.16244080e-20 -6.46666361e-17 -3.05945530e-22]
 [ 1.16244080e-20  1.00000000e+00 -8.86887379e-22 -4.19596944e-27]
 [-6.46666361e-17 -8.86887379e-22  1.00000000e+00  4.73111868e-06]
 [ 0.00000000e+00  0.00000000e+00  0.00000000e+00  1.00000000e+00]]"
/lidar/5418.ply,/lidar/5417.ply,"[[ 1.00000000e+00  1.16244080e-20 -6.46666361e-17 -2.54031151e-22]
 [ 1.16244080e-20  1.00000000e+00 -8.86887379e-22 -3.48397620e-27]
 [-6.46666361e-17 -8.86887379e-22  1.00000000e+00  3.92831862e-06]
 [ 0.00000000e+00  0.00000000e+00  0.00000000e+00  1.00000000e+00]]"
/lidar/5419.ply,/lidar/5418.ply,"[[ 1.00000000e+00  1.16244080e-20 -6.46666361e-17 -1.94889712e-22]
 [ 1.16244080e-20  1.00000000e+00 -8.86887379e-22 -2.67286557e-27]
 [-6.46666361e-17 -8.86887379e-22  1.00000000e+00  3.01375985e-06]
 [ 0.00000000e+00  0.00000000e+00  0.00000000e+00  1.00000000e+00]]"
/lidar/5420.ply,/lidar/5419.ply,"[[ 1.00000000e+00  1.16244080e-20 -6.46666361e-17 -1.38157292e-22]
 [ 1.16244080e-20  1.00000000e+00 -8.86887379e-22 -1.89479408e-27]
 [-6.46666361e-17 -8.86887379e-22  1.00000000e+00  2.13645399e-06]
 [ 0.00000000e+00  0.00000000e+00  0.00000000e+00  1.00000000e+00]]"
/lidar/5421.ply,/lidar/5420.ply,"[[ 1.00000000e+00  1.16244080e-20 -6.46666361e-17 -8.87723840e-23]
 [ 1.16244080e-20  1.00000000e+00 -8.86887379e-22 -1.21749192e-27]
 [-6.46666361e-17 -8.86887379e-22  1.00000000e+00  1.37276947e-06]
 [ 0.00000000e+00  0.00000000e+00  0.00000000e+00  1.00000000e+00]]"
/lidar/5422.ply,/lidar/5421.ply,"[[ 1.00000000e+00  1.16244080e-20 -6.46666361e-17  0.00000000e+00]
 [ 1.16244080e-20  1.00000000e+00 -8.86887379e-22  0.00000000e+00]
 [-6.46666361e-17 -8.86887379e-22  1.00000000e+00  0.00000000e+00]
 [ 0.00000000e+00  0.00000000e+00  0.00000000e+00  1.00000000e+00]]"
/lidar/5423.ply,/lidar/5422.ply,"[[ 1.00000000e+00  1.16244080e-20 -6.46666361e-17  0.00000000e+00]
 [ 1.16244080e-20  1.00000000e+00 -8.86887379e-22  0.00000000e+00]
 [-6.46666361e-17 -8.86887379e-22  1.00000000e+00  0.00000000e+00]
 [ 0.00000000e+00  0.00000000e+00  0.00000000e+00  1.00000000e+00]]"
/lidar/5424.ply,/lidar/5423.ply,"[[ 1.00000000e+00  1.16244080e-20 -6.46666361e-17  0.00000000e+00]
 [ 1.16244080e-20  1.00000000e+00 -8.86887379e-22  0.00000000e+00]
 [-6.46666361e-17 -8.86887379e-22  1.00000000e+00  0.00000000e+00]
 [ 0.00000000e+00  0.00000000e+00  0.00000000e+00  1.00000000e+00]]"
/lidar/5425.ply,/lidar/5424.ply,"[[ 1.00000000e+00  1.16244080e-20 -6.46666361e-17  0.00000000e+00]
 [ 1.16244080e-20  1.00000000e+00 -8.86887379e-22  0.00000000e+00]
 [-6.46666361e-17 -8.86887379e-22  1.00000000e+00  0.00000000e+00]
 [ 0.00000000e+00  0.00000000e+00  0.00000000e+00  1.00000000e+00]]"
/lidar/5426.ply,/lidar/5425.ply,"[[ 1.00000000e+00  1.16244080e-20 -6.46666361e-17 -6.66094008e-23]
 [ 1.16244080e-20  1.00000000e+00 -8.86887379e-22 -9.13531930e-28]
 [-6.46666361e-17 -8.86887379e-22  1.00000000e+00  1.03004277e-06]
