1.000000000000000000e+00,0.000000000000000000e+00,0.000000000000000000e+00,0.000000000000000000e+00,0.000000000000000000e+00,1.000000000000000000e+00,0.000000000000000000e+00,0.000000000000000000e+00,0.000000000000000000e+00,0.000000000000000000e+00,1.000000000000000000e+00,0.000000000000000000e+00,0.000000000000000000e+00,0.000000000000000000e+00,0.000000000000000000e+00,1.000000000000000000e+00
1.000000000000000000e+00,0.000000000000000000e+00,0.000000000000000000e+00,6.571042633056640625e+01,0.000000000000000000e+00,1.000000000000000000e+00,0.000000000000000000e+00,4.180039596557617188e+01,0.000000000000000000e+00,0.000000000000000000e+00,1.000000000000000000e+00,4.212175369262695312e+00,0.000000000000000000e+00,0.000000000000000000e+00,0.000000000000000000e+00,1.000000000000000000e+00
9.316162467002868652e-01,-3.600541949272155762e-01,4.951677843928337097e-02,1.424195175170898438e+02,-3.580789566040039062e-01,-9.326290488243103027e-01,-4.452421143651008606e-02,6.541629409790039062e+01,6.221190094947814941e-02,2.374856546521186829e-02,-9.977805018424987793e-01,5.771547079086303711e+00,0.000000000000000000e+00,0.000000000000000000e+00,0.000000000000000000e+00,1.000000000000000000e+00
-9.491836880698125700e-01,1.956063553683018430e-01,-2.465539466814923308e-01,1.733332730057393007e+02,3.141149105267062591e-01,6.374894196261122747e-01,-7.035186345805310992e-01,3.210624748707268594e+01,1.956283134687504532e-02,-7.452148579294521902e-01,-6.665375949448624215e-01,5.871872261892235656e+00,0.000000000000000000e+00,0.000000000000000000e+00,0.000000000000000000e+00,1.000000000000000000e+00
5.754007109633935135e-01,8.032105454925038135e-01,-1.541660112785600556e-01,1.037327196332802401e+02,4.895208967247425269e-01,-4.892260734766017416e-01,-7.218215874525317766e-01,6.590145355018647422e+01,-6.551967886276267583e-01,3.398692222382326267e-01,-6.746896565819306968e-01,-9.569946570456119517e+00,0.000000000000000000e+00,0.000000000000000000e+00,0.000000000000000000e+00,1.000000000000000000e+00
5.754007109633935135e-01,8.032105454925038135e-01,-1.541660112785600556e-01,1.670525793297681503e+02,4.895208967247425269e-01,-4.892260734766017416e-01,-7.218215874525317766e-01,8.755105688675436681e+01,-6.551967886276267583e-01,3.398692222382326267e-01,-6.746896565819306968e-01,-5.279582143662209859e+01,0.000000000000000000e+00,0.000000000000000000e+00,0.000000000000000000e+00,1.000000000000000000e+00
6.403804692185754988e-01,7.411613930789932025e-01,-2.014777409022324717e-01,2.343544026646396219e+02,5.435079103414980350e-01,-6.226388533938121972e-01,-5.629562005395496449e-01,1.011780423878374080e+02,-5.426890027952882001e-01,2.510016842782600843e-01,-8.015528932948010610e-01,-8.913199420090970193e+01,0.000000000000000000e+00,0.000000000000000000e+00,0.000000000000000000e+00,1.000000000000000000e+00
-7.709165055636358899e-01,4.794801815065489192e-01,-4.192709895360903771e-01,3.092472692306985209e+02,-6.366176249799340159e-01,-6.008710253016075198e-01,4.833965430365899096e-01,7.607416278935274079e+01,-2.014867537285692373e-02,6.395733345950301851e-01,7.684663533295675863e-01,-9.197636345076458042e+01,0.000000000000000000e+00,0.000000000000000000e+00,0.000000000000000000e+00,1.000000000000000000e+00
-7.709165055636358899e-01,4.794801815065489192e-01,-4.192709895360903771e-01,2.712888069231594272e+02,-6.366176249799340159e-01,-6.008710253016075198e-01,4.833965430365899096e-01,1.586145055893334899e+01,-2.014867537285692373e-02,6.395733345950301851e-01,7.684663533295675863e-01,-7.006592606469220641e+01,0.000000000000000000e+00,0.000000000000000000e+00,0.000000000000000000e+00,1.000000000000000000e+00
1.277875745271405405e-01,-9.409674305433073371e-01,3.134523885336409355e-01,3.193737556063275065e+02,-7.374616070968907922e-01,-3.014748561092103762e-01,-6.043700743850898283e-01,6.401926920335897364e+01,6.631899665277833922e-01,-1.539280674313476260e-01,-7.324515998755681823e-01,-7.832902840091705343e+01,0.000000000000000000e+00,0.000000000000000000e+00,0.000000000000000000e+00,1.000000000000000000e+00
1.277875745271405405e-01,-9.409674305433073371e-01,3.134523885336409355e-01,3.182132529267565815e+02,-7.374616070968907922e-01,-3.014748561092103762e-01,-6.043700743850898283e-01,1.253524936330970831e+02,6.631899665277833922e-01,-1.539280674313476260e-01,-7.324515998755681823e-01,-1.268543289039944995e+02,0.000000000000000000e+00,0.000000000000000000e+00,0.000000000000000000e+00,1.000000000000000000e+00
-2.711291447757726569e-01,8.461109947390114128e-01,-4.588982791864374411e-01,2.864342343401027620e+02,-8.266636075879497669e-01,3.953149639854435654e-02,5.613060957671177631e-01,6.910273110723161949e+01,4.930674737950239139e-01,5.315408345882977059e-01,6.887302640028877265e-01,-9.413783669935509124e+01,0.000000000000000000e+00,0.000000000000000000e+00,0.000000000000000000e+00,1.000000000000000000e+00
1.999501552399617632e-01,-8.671248921987105840e-01,4.561988980445327857e-01,3.498328279089164994e+02,-7.263237618903979342e-01,-4.436766444202762116e-01,-5.249817654444610682e-01,6.139879306699023687e+01,6.576289326308286665e-01,-2.263779266614236729e-01,-7.185252123650321954e-01,-4.759236728329130983e+01,0.000000000000000000e+00,0.000000000000000000e+00,0.000000000000000000e+00,1.000000000000000000e+00
3.612091758676125308e-01,-6.707906010140886055e-01,-6.477430023576631335e-01,3.150017048735978733e+02,9.184781380746581680e-01,3.758830727960929541e-01,1.229273251733034727e-01,-1.264499948021722275e-01,1.610169833887124813e-01,-6.393395800129956230e-01,7.518774131488615842e-01,-2.678535916757220292e+01,0.000000000000000000e+00,0.000000000000000000e+00,0.000000000000000000e+00,1.000000000000000000e+00
3.612091758676125308e-01,-6.707906010140886055e-01,-6.477430023576631335e-01,2.990941422731235662e+02,9.184781380746581680e-01,3.758830727960929541e-01,1.229273251733034727e-01,6.469182742569846312e+01,1.610169833887124813e-01,-6.393395800129956230e-01,7.518774131488615842e-01,-4.684011716125032621e+01,0.000000000000000000e+00,0.000000000000000000e+00,0.000000000000000000e+00,1.000000000000000000e+00
3.612091758676125308e-01,-6.707906010140886055e-01,-6.477430023576631335e-01,2.789826436583048235e+02,9.184781380746581680e-01,3.758830727960929541e-01,1.229273251733034727e-01,1.294147051732101090e+02,1.610169833887124813e-01,-6.393395800129956230e-01,7.518774131488615842e-01,-7.008101251902780859e+01,0.000000000000000000e+00,0.000000000000000000e+00,0.000000000000000000e+00,1.000000000000000000e+00
3.612091758676125308e-01,-6.707906010140886055e-01,-6.477430023576631335e-01,2.761141588624047358e+02,9.184781380746581680e-01,3.758830727960929541e-01,1.229273251733034727e-01,2.006748775197287671e+02,1.610169833887124813e-01,-6.393395800129956230e-01,7.518774131488615842e-01,-8.059650683003212635e+01,0.000000000000000000e+00,0.000000000000000000e+00,0.000000000000000000e+00,1.000000000000000000e+00
-5.001043428909554556e-02,-9.871856919636357031e-01,1.515468739835753587e-01,2.706363354775601806e+02,-9.491595899964525573e-01,-2.405148580401418623e-04,-3.147972479823700209e-01,1.217452596034002141e+02,3.107994703388310409e-01,-1.595856072858032604e-01,-9.369830837753105879e-01,-7.539266623999893113e+01,0.000000000000000000e+00,0.000000000000000000e+00,0.000000000000000000e+00,1.000000000000000000e+00
4.425450225647072078e-02,1.764224211738927017e-01,-9.833211122057595732e-01,1.965248763627461130e+02,-5.797880509656030412e-01,-7.970284627609282024e-01,-1.690913811991549554e-01,1.343292660236710390e+02,-8.135651843779804215e-01,5.776001319414248991e-01,6.701456742384470644e-02,-9.380804376495470365e+01,0.000000000000000000e+00,0.000000000000000000e+00,0.000000000000000000e+00,1.000000000000000000e+00
4.425450225647072078e-02,1.764224211738927017e-01,-9.833211122057595732e-01,2.042699238350626558e+02,-5.797880509656030412e-01,-7.970284627609282024e-01,-1.690913811991549554e-01,5.957273290377777641e+01,-8.135651843779804215e-01,5.776001319414248991e-01,6.701456742384470644e-02,-1.184518074476447680e+02,0.000000000000000000e+00,0.000000000000000000e+00,0.000000000000000000e+00,1.000000000000000000e+00
4.425450225647072078e-02,1.764224211738927017e-01,-9.833211122057595732e-01,1.937179453366809128e+02,-5.797880509656030412e-01,-7.970284627609282024e-01,-1.690913811991549554e-01,1.295590023315109249e+02,-8.135651843779804215e-01,5.776001319414248991e-01,6.701456742384470644e-02,-8.434569787466520552e+01,0.000000000000000000e+00,0.000000000000000000e+00,0.000000000000000000e+00,1.000000000000000000e+00
4.425450225647072078e-02,1.764224211738927017e-01,-9.833211122057595732e-01,2.023719375135657970e+02,-5.797880509656030412e-01,-7.970284627609282024e-01,-1.690913811991549554e-01,5.746739657573380100e+01,-8.135651843779804215e-01,5.776001319414248991e-01,6.701456742384470644e-02,-9.866941220102474119e+01,0.000000000000000000e+00,0.000000000000000000e+00,0.000000000000000000e+00,1.000000000000000000e+00
8.267498961756248876e-01,-4.713206603461184696e-01,3.071564432950793511e-01,2.145153692038152826e+02,-2.248532036489138408e-01,2.236374380840408238e-01,9.483817599023298683e-01,1.875572396187954638e+01,-5.156820247146411962e-01,-8.531387997549167990e-01,7.891444349541247572e-02,-3.416606189264250304e+01,0.000000000000000000e+00,0.000000000000000000e+00,0.000000000000000000e+00,1.000000000000000000e+00
8.267498961756248876e-01,-4.713206603461184696e-01,3.071564432950793511e-01,2.342812158429542535e+02,-2.248532036489138408e-01,2.236374380840408238e-01,9.483817599023298683e-01,2.144401047173988317e+01,-5.156820247146411962e-01,-8.531387997549167990e-01,7.891444349541247572e-02,-1.096408580223774436e+02,0.000000000000000000e+00,0.000000000000000000e+00,0.000000000000000000e+00,1.000000000000000000e+00
-9.308724140831671212e-01,1.899801155219764948e-01,-3.120713460174386333e-01,2.527814721455810343e+02,1.831332085142048649e-01,-4.964850631720612029e-01,-8.485078091213266172e-01,2.127441101885196417e+01,-3.161388133427704417e-01,-8.470013745153900375e-01,4.273714038574739082e-01,-1.859877382937710024e+02,0.000000000000000000e+00,0.000000000000000000e+00,0.000000000000000000e+00,1.000000000000000000e+00
9.655978460731342583e-01,1.153316420787726948e-01,-2.330751137590825195e-01,3.046518754929915076e+02,-2.590051229587727599e-01,5.067637912246111265e-01,-8.222576819484650468e-01,-2.214382122922136631e+01,2.328258974266430095e-02,8.543365903394989358e-01,5.192000837778082412e-01,-2.259094321345819480e+02,0.000000000000000000e+00,0.000000000000000000e+00,0.000000000000000000e+00,1.000000000000000000e+00
9.655978460731342583e-01,1.153316420787726948e-01,-2.330751137590825195e-01,2.731354050082806566e+02,-2.590051229587727599e-01,5.067637912246111265e-01,-8.222576819484650468e-01,2.090740956853277766e+01,2.328258974266430095e-02,8.543365903394989358e-01,5.192000837778082412e-01,-1.727058952828665497e+02,0.000000000000000000e+00,0.000000000000000000e+00,0.000000000000000000e+00,1.000000000000000000e+00
6.807086415497823895e-01,5.817316914809741446e-01,4.452298349977651948e-01,2.314255026717583519e+02,7.236869126054858992e-01,-4.397219722043561041e-01,-5.319053082912577057e-01,6.366775963769512003e+01,-1.136474891833419987e-01,6.842786070023638700e-01,-7.203117419200614213e-01,-1.213859830616457174e+02,0.000000000000000000e+00,0.000000000000000000e+00,0.000000000000000000e+00,1.000000000000000000e+00
6.807086415497823895e-01,5.817316914809741446e-01,4.452298349977651948e-01,2.305956362829601005e+02,7.236869126054858992e-01,-4.397219722043561041e-01,-5.319053082912577057e-01,-3.411332054465056274e+00,-1.136474891833419987e-01,6.842786070023638700e-01,-7.203117419200614213e-01,-7.826490583593135852e+01,0.000000000000000000e+00,0.000000000000000000e+00,0.000000000000000000e+00,1.000000000000000000e+00
8.089758078986054590e-01,3.867091303469687436e-01,-4.427407787055502864e-01,2.812633294866701021e+02,-2.001569181667720854e-01,8.893563814268643508e-01,4.110762215270005182e-01,-3.200817179487228969e+01,5.527207799187450199e-01,-2.439317771261492185e-01,7.968679995840268759e-01,-2.564689713805732652e+01,0.000000000000000000e+00,0.000000000000000000e+00,0.000000000000000000e+00,1.000000000000000000e+00
8.752871259439306550e-01,1.292298464182868069e-02,4.834361114136169757e-01,2.629616791774393505e+02,2.630773644365106412e-01,-8.515166221547391112e-01,-4.535536682880949577e-01,2.314708087408466497e+01,4.057927934685606752e-01,5.241693180625691673e-01,-7.487190503675716924e-01,-6.438642840174040316e+01,0.000000000000000000e+00,0.000000000000000000e+00,0.000000000000000000e+00,1.000000000000000000e+00
8.752871259439306550e-01,1.292298464182868069e-02,4.834361114136169757e-01,2.160178381407209542e+02,2.630773644365106412e-01,-8.515166221547391112e-01,-4.535536682880949577e-01,-3.866525968064825491e+01,4.057927934685606752e-01,5.241693180625691673e-01,-7.487190503675716924e-01,-5.984001736834422047e+01,0.000000000000000000e+00,0.000000000000000000e+00,0.000000000000000000e+00,1.000000000000000000e+00
6.337589294280753238e-01,5.427874678340145476e-01,5.511225699528414790e-01,1.745301952879086969e+02,7.733530964507842054e-01,-4.599318065031031133e-01,-4.363357870598086885e-01,-9.774010385018266334e+01,1.664195924311980684e-02,7.027429473755165690e-01,-7.112501984198287275e-01,-5.388805524024635929e+01,0.000000000000000000e+00,0.000000000000000000e+00,0.000000000000000000e+00,1.000000000000000000e+00
7.267682264882064924e-01,3.787191830759561451e-01,5.730484493335675777e-01,1.645967050232728468e+02,6.464475870450906436e-01,-6.591407298455028707e-01,-3.842404194470243617e-01,-1.684425919648818422e+02,2.322005713044565378e-01,6.496982354483306077e-01,-7.238622401562251341e-01,-2.339667971331226681e+01,0.000000000000000000e+00,0.000000000000000000e+00,0.000000000000000000e+00,1.000000000000000000e+00
7.267682264882064924e-01,3.787191830759561451e-01,5.730484493335675777e-01,1.388500945963905906e+02,6.464475870450906436e-01,-6.591407298455028707e-01,-3.842404194470243617e-01,-2.410226977497341068e+02,2.322005713044565378e-01,6.496982354483306077e-01,-7.238622401562251341e-01,-4.624538636635911359e+00,0.000000000000000000e+00,0.000000000000000000e+00,0.000000000000000000e+00,1.000000000000000000e+00
-1.426635469593217076e-01,9.403830998851183676e-01,3.087582289720527395e-01,1.208828502482741243e+02,9.849152676350051427e-01,1.657455575996109598e-01,-4.972368505263622535e-02,-3.078999998313776132e+02,-9.793424037031675522e-02,2.970069179471928056e-01,-9.498405637813781555e-01,1.551517748338929792e+01,0.000000000000000000e+00,0.000000000000000000e+00,0.000000000000000000e+00,1.000000000000000000e+00
-9.228311302896662349e-01,1.922703544883332949e-01,3.337978724646073481e-01,1.733426808331198856e+02,2.136245909006719290e-01,9.765125505224154789e-01,2.811681865226669033e-02,-3.531174372408841577e+02,-3.205515791275089788e-01,9.725451374402913074e-02,-9.422259150725456056e-01,3.533206230976847451e+01,0.000000000000000000e+00,0.000000000000000000e+00,0.000000000000000000e+00,1.000000000000000000e+00
-9.228311302896662349e-01,1.922703544883332949e-01,3.337978724646073481e-01,2.432784155842238931e+02,2.136245909006719290e-01,9.765125505224154789e-01,2.811681865226669033e-02,-3.219139317991574671e+02,-3.205515791275089788e-01,9.725451374402913074e-02,-9.422259150725456056e-01,5.912830228481078620e+01,0.000000000000000000e+00,0.000000000000000000e+00,0.000000000000000000e+00,1.000000000000000000e+00
-3.932640706098838312e-01,-8.389473099204499684e-01,-3.761879946582005751e-01,3.078757803745304500e+02,9.106667934349887972e-01,-4.117673718389495696e-01,-3.371053467643016915e-02,-2.932291289689716791e+02,-1.266205333284828594e-01,-3.558387707725609861e-01,9.259305889404730872e-01,8.536020260131537896e+01,0.000000000000000000e+00,0.000000000000000000e+00,0.000000000000000000e+00,1.000000000000000000e+00
-8.543583579560544150e-01,-5.101689780950633413e-01,9.902539566118480352e-02,3.632354772311654187e+02,-2.995372474928410522e-01,3.276975497451769526e-01,-8.960435541302470552e-01,-3.213835104850529660e+02,4.246803151859513403e-01,-7.952016022985990418e-01,-4.327842691921151008e-01,1.071711577127566954e+02,0.000000000000000000e+00,0.000000000000000000e+00,0.000000000000000000e+00,1.000000000000000000e+00
8.463228889660794341e-01,-1.495277991292895126e-01,5.112588030313813814e-01,4.286410608844419698e+02,4.268082738643709240e-01,-3.839126328925425158e-01,-8.188089559065209189e-01,-3.100748089341930722e+02,3.187135088609759914e-01,9.111822609282405061e-01,-2.610929709102174368e-01,9.730177778153498025e+01,0.000000000000000000e+00,0.000000000000000000e+00,0.000000000000000000e+00,1.000000000000000000e+00
8.463228889660794341e-01,-1.495277991292895126e-01,5.112588030313813814e-01,3.677827102958646606e+02,4.268082738643709240e-01,-3.839126328925425158e-01,-8.188089559065209189e-01,-3.540441928896286754e+02,3.187135088609759914e-01,9.111822609282405061e-01,-2.610929709102174368e-01,1.144612137902806097e+02,0.000000000000000000e+00,0.000000000000000000e+00,0.000000000000000000e+00,1.000000000000000000e+00
5.635699262658164788e-01,-6.959524669799337371e-01,-4.450221184352644022e-01,4.305504798709757779e+02,5.655005305450613307e-01,-6.766918708024519113e-02,8.219685667992908673e-01,-3.268552627877687655e+02,-6.021623913941286377e-01,-7.148948585888724727e-01,3.554238136108123780e-01,1.500403635401472116e+02,0.000000000000000000e+00,0.000000000000000000e+00,0.000000000000000000e+00,1.000000000000000000e+00
5.635699262658164788e-01,-6.959524669799337371e-01,-4.450221184352644022e-01,3.635288544585797013e+02,5.655005305450613307e-01,-6.766918708024519113e-02,8.219685667992908673e-01,-3.652624801118463438e+02,-6.021623913941286377e-01,-7.148948585888724727e-01,3.554238136108123780e-01,1.668330200287935838e+02,0.000000000000000000e+00,0.000000000000000000e+00,0.000000000000000000e+00,1.000000000000000000e+00
-6.464595924515305070e-01,-6.717109764818837148e-01,-3.618012768552698044e-01,4.063348522933320055e+02,1.013883286303806364e-01,-5.456401267540608169e-01,8.318651068232520984e-01,-3.235501523857187749e+02,-7.561840074113319599e-01,5.010816436950498165e-01,4.208364812575857705e-01,1.268537527648629748e+02,0.000000000000000000e+00,0.000000000000000000e+00,0.000000000000000000e+00,1.000000000000000000e+00
-6.464595924515305070e-01,-6.717109764818837148e-01,-3.618012768552698044e-01,3.670775900136344490e+02,1.013883286303806364e-01,-5.456401267540608169e-01,8.318651068232520984e-01,-3.046873660256055132e+02,-7.561840074113319599e-01,5.010816436950498165e-01,4.208364812575857705e-01,6.244692396332143858e+01,0.000000000000000000e+00,0.000000000000000000e+00,0.000000000000000000e+00,1.000000000000000000e+00
-6.464595924515305070e-01,-6.717109764818837148e-01,-3.618012768552698044e-01,3.323508812622214350e+02,1.013883286303806364e-01,-5.456401267540608169e-01,8.318651068232520984e-01,-3.461990784593978105e+02,-7.561840074113319599e-01,5.010816436950498165e-01,4.208364812575857705e-01,1.214958245069236682e+02,0.000000000000000000e+00,0.000000000000000000e+00,0.000000000000000000e+00,1.000000000000000000e+00
-5.446535460229330328e-01,7.924516480751173653e-01,-2.745510453093720216e-01,3.411600201814812294e+02,7.644101635176665521e-01,6.037484239060435520e-01,2.262004822988975539e-01,-3.788913581722234198e+02,3.450111716992723676e-01,-8.666704319756179942e-02,-9.345888968928638407e-01,1.920728689039200958e+02,0.000000000000000000e+00,0.000000000000000000e+00,0.000000000000000000e+00,1.000000000000000000e+00
-5.446535460229330328e-01,7.924516480751173653e-01,-2.745510453093720216e-01,4.100833359826683591e+02,7.644101635176665521e-01,6.037484239060435520e-01,2.262004822988975539e-01,-4.078964727790142888e+02,3.450111716992723676e-01,-8.666704319756179942e-02,-9.345888968928638407e-01,1.606733802480702593e+02,0.000000000000000000e+00,0.000000000000000000e+00,0.000000000000000000e+00,1.000000000000000000e+00
-8.632085167589294006e-01,-4.013448053242225921e-02,5.032545608619095612e-01,4.831179888567579610e+02,3.512472936597358375e-01,-7.637622562743887622e-01,5.415663577389868699e-01,-4.257432661485331664e+02,3.626290826917886734e-01,6.442490178535161816e-01,6.733820187726328177e-01,1.363981082085935554e+02,0.000000000000000000e+00,0.000000000000000000e+00,0.000000000000000000e+00,1.000000000000000000e+00
9.252779078976744453e-02,-9.662547493735652582e-01,2.404062552179694889e-01,5.307816055607365797e+02,6.672327294925134433e-01,2.393832919661970093e-01,7.053351274960676376e-01,-4.798378171730510644e+02,-7.390799442452107293e-01,9.514216022388313765e-02,6.668649091981834198e-01,1.418394736933056208e+02,0.000000000000000000e+00,0.000000000000000000e+00,0.000000000000000000e+00,1.000000000000000000e+00
9.252779078976744453e-02,-9.662547493735652582e-01,2.404062552179694889e-01,5.792895024724011819e+02,6.672327294925134433e-01,2.393832919661970093e-01,7.053351274960676376e-01,-5.285498037655768258e+02,-7.390799442452107293e-01,9.514216022388313765e-02,6.668649091981834198e-01,1.800748001936965181e+02,0.000000000000000000e+00,0.000000000000000000e+00,0.000000000000000000e+00,1.000000000000000000e+00
-8.040357452627992091e-03,7.453697153890821436e-01,-6.666062152165834753e-01,5.178202068161814395e+02,-9.801019001493280758e-01,1.263466898216561995e-01,1.530981278967569470e-01,-5.523587331703178052e+02,1.983374066337123265e-01,6.545717928007600550e-01,7.295190825166720794e-01,2.244123429045662874e+02,0.000000000000000000e+00,0.000000000000000000e+00,0.000000000000000000e+00,1.000000000000000000e+00
-8.040357452627992091e-03,7.453697153890821436e-01,-6.666062152165834753e-01,5.342462908865535383e+02,-9.801019001493280758e-01,1.263466898216561995e-01,1.530981278967569470e-01,-4.728850625587829200e+02,1.983374066337123265e-01,6.545717928007600550e-01,7.295190825166720794e-01,2.221163521432400501e+02,0.000000000000000000e+00,0.000000000000000000e+00,0.000000000000000000e+00,1.000000000000000000e+00
5.015781484736698825e-01,-8.371536046557400690e-01,-2.181695122187488900e-01,5.750341934898771115e+02,8.615781431098412657e-01,4.606083486476917899e-01,2.133656507493468246e-01,-4.089924821760745317e+02,-7.812797553354193514e-02,-2.949898920788373013e-01,9.523008483975369254e-01,2.474321945804146878e+02,0.000000000000000000e+00,0.000000000000000000e+00,0.000000000000000000e+00,1.000000000000000000e+00
-9.475057499047038201e-01,8.959207023613335874e-02,-3.069377697564614205e-01,5.009055796557481699e+02,-8.115027107740865886e-02,-9.958923712927203464e-01,-4.018026638563505087e-02,-4.359986584524987734e+02,-3.092773838998889580e-01,-1.316296413697586216e-02,9.508807877315141877e-01,2.372507301364405805e+02,0.000000000000000000e+00,0.000000000000000000e+00,0.000000000000000000e+00,1.000000000000000000e+00
-9.475057499047038201e-01,8.959207023613335874e-02,-3.069377697564614205e-01,5.755688528654542324e+02,-8.115027107740865886e-02,-9.958923712927203464e-01,-4.018026638563505087e-02,-4.497268283270338998e+02,-3.092773838998889580e-01,-1.316296413697586216e-02,9.508807877315141877e-01,2.597847019625052667e+02,0.000000000000000000e+00,0.000000000000000000e+00,0.000000000000000000e+00,1.000000000000000000e+00
-9.475057499047038201e-01,8.959207023613335874e-02,-3.069377697564614205e-01,6.382473021224517424e+02,-8.115027107740865886e-02,-9.958923712927203464e-01,-4.018026638563505087e-02,-4.963502292469949566e+02,-3.092773838998889580e-01,-1.316296413697586216e-02,9.508807877315141877e-01,2.795316842938920558e+02,0.000000000000000000e+00,0.000000000000000000e+00,0.000000000000000000e+00,1.000000000000000000e+00
-9.421521350624393332e-01,-3.326339469853340503e-01,4.133228224203278761e-02,7.066401152885046031e+02,-2.986339000493923312e-01,7.769934904925444030e-01,-5.541666140297372145e-01,-5.086765294361639462e+02,1.522178000531053399e-01,-5.344513577775980018e-01,-8.313793643514679754e-01,2.981514575247907715e+02,0.000000000000000000e+00,0.000000000000000000e+00,0.000000000000000000e+00,1.000000000000000000e+00
-9.421521350624393332e-01,-3.326339469853340503e-01,4.133228224203278761e-02,6.402384136872507270e+02,-2.986339000493923312e-01,7.769934904925444030e-01,-5.541666140297372145e-01,-5.421520449028388384e+02,1.522178000531053399e-01,-5.344513577775980018e-01,-8.313793643514679754e-01,3.139396536008718499e+02,0.000000000000000000e+00,0.000000000000000000e+00,0.000000000000000000e+00,1.000000000000000000e+00
9.670715648421833732e-01,-2.516009579502405114e-01,-3.838708353278068308e-02,6.988704669717041043e+02,-2.437049819611161461e-01,-8.719236668513904442e-01,-4.246868724062551337e-01,-5.074222377134598219e+02,7.338227843378559989e-02,4.200560728906109764e-01,-9.045265472888933678e-01,2.945168188828709503e+02,0.000000000000000000e+00,0.000000000000000000e+00,0.000000000000000000e+00,1.000000000000000000e+00
9.670715648421833732e-01,-2.516009579502405114e-01,-3.838708353278068308e-02,6.187503470569996580e+02,-2.437049819611161461e-01,-8.719236668513904442e-01,-4.246868724062551337e-01,-5.099377599881344167e+02,7.338227843378559989e-02,4.200560728906109764e-01,-9.045265472888933678e-01,3.001797924973340059e+02,0.000000000000000000e+00,0.000000000000000000e+00,0.000000000000000000e+00,1.000000000000000000e+00
9.670715648421833732e-01,-2.516009579502405114e-01,-3.838708353278068308e-02,6.840978205305242454e+02,-2.437049819611161461e-01,-8.719236668513904442e-01,-4.246868724062551337e-01,-5.442919720767160925e+02,7.338227843378559989e-02,4.200560728906109764e-01,-9.045265472888933678e-01,3.105846880692183163e+02,0.000000000000000000e+00,0.000000000000000000e+00,0.000000000000000000e+00,1.000000000000000000e+00
9.670715648421833732e-01,-2.516009579502405114e-01,-3.838708353278068308e-02,7.609812435682360956e+02,-2.437049819611161461e-01,-8.719236668513904442e-01,-4.246868724062551337e-01,-5.523517506856833279e+02,7.338227843378559989e-02,4.200560728906109764e-01,-9.045265472888933678e-01,3.112377805499363603e+02,0.000000000000000000e+00,0.000000000000000000e+00,0.000000000000000000e+00,1.000000000000000000e+00
9.969154281364024373e-01,6.824533868417893834e-02,3.880799844631532824e-02,6.977443039513815393e+02,7.784679567644070541e-02,-9.232784861930751763e-01,-3.761632905288110895e-01,-5.277876487872543976e+02,1.016072563242035286e-02,3.780230241176036898e-01,-9.257407175154001022e-01,3.025047689205991333e+02,0.000000000000000000e+00,0.000000000000000000e+00,0.000000000000000000e+00,1.000000000000000000e+00
-1.128883929377165751e-01,9.932421089535280467e-01,2.702551738606328788e-02,7.671978252181551170e+02,9.183511192258935196e-01,1.146821247659213922e-01,-3.787886656876672808e-01,-5.115160914571328590e+02,-3.793270608361600793e-01,-1.794025726655659389e-02,-9.250890040074505327e-01,2.987751183279654015e+02,0.000000000000000000e+00,0.000000000000000000e+00,0.000000000000000000e+00,1.000000000000000000e+00
4.743734594920012704e-02,9.986903934550429573e-01,1.927298731982553595e-02,7.500087757468791096e+02,-8.027459164194734875e-02,2.304286195643553276e-02,-9.965069781123804260e-01,-5.766067013411156950e+02,-9.956434912247092983e-01,4.572591200553866725e-02,8.126210300966008049e-02,3.248035692816765732e+02,0.000000000000000000e+00,0.000000000000000000e+00,0.000000000000000000e+00,1.000000000000000000e+00
-1.726617806251335985e-01,-9.840949806401261268e-01,4.181871540890982203e-02,7.129436720481014618e+02,1.848693293706155372e-01,-7.407805100768678763e-02,-9.799677644993890491e-01,-5.737141576729784447e+02,9.674765905059492521e-01,-1.614730940225386491e-01,1.947187527226746651e-01,3.913491307626029538e+02,0.000000000000000000e+00,0.000000000000000000e+00,0.000000000000000000e+00,1.000000000000000000e+00
8.397872461337605454e-01,-5.318189512718564105e-01,-1.092262119502275253e-01,7.114983354961192390e+02,-1.687951450187235095e-02,1.755125910131794531e-01,-9.843329902087554206e-01,-5.640109367422370497e+02,5.426572907837242665e-01,8.284710636205284695e-01,1.384156025182343708e-01,4.535871995827812952e+02,0.000000000000000000e+00,0.000000000000000000e+00,0.000000000000000000e+00,1.000000000000000000e+00
8.015035412654230029e-01,-5.525227701193516916e-01,-2.287234628541594261e-01,6.502962669220009957e+02,5.829443445636940391e-01,6.366624335649014865e-01,5.048147070982467177e-01,-5.571004369783701122e+02,-1.333004605479013172e-01,-5.379430308924045834e-01,8.323754200794271085e-01,4.403249691395837431e+02,0.000000000000000000e+00,0.000000000000000000e+00,0.000000000000000000e+00,1.000000000000000000e+00
8.015035412654230029e-01,-5.525227701193516916e-01,-2.287234628541594261e-01,5.947102028680698140e+02,5.829443445636940391e-01,6.366624335649014865e-01,5.048147070982467177e-01,-6.064055436130458929e+02,-1.333004605479013172e-01,-5.379430308924045834e-01,8.323754200794271085e-01,4.548430534355593977e+02,0.000000000000000000e+00,0.000000000000000000e+00,0.000000000000000000e+00,1.000000000000000000e+00
8.015035412654230029e-01,-5.525227701193516916e-01,-2.287234628541594261e-01,5.372040823573438502e+02,5.829443445636940391e-01,6.366624335649014865e-01,5.048147070982467177e-01,-6.555524904247648692e+02,-1.333004605479013172e-01,-5.379430308924045834e-01,8.323754200794271085e-01,4.685780174283959241e+02,0.000000000000000000e+00,0.000000000000000000e+00,0.000000000000000000e+00,1.000000000000000000e+00
-8.895417045312615789e-01,4.236918622906349907e-01,-1.708926221951482805e-01,4.876508172136421422e+02,-4.531904041937155347e-01,-7.710552360742439770e-01,4.473178651524634675e-01,-6.902981647188587431e+02,5.775625010896193873e-02,4.753538226155030189e-01,8.778973537956060724e-01,4.757890488258894379e+02,0.000000000000000000e+00,0.000000000000000000e+00,0.000000000000000000e+00,1.000000000000000000e+00
6.574651262508514060e-01,-6.453552023929436388e-01,-3.889207626323992750e-01,5.329429967533583294e+02,7.482688314194380075e-01,6.198446006826197063e-01,2.364045692002372800e-01,-6.425670108227349147e+02,8.850628576228689037e-02,-4.464445134911669277e-01,8.904240964286148641e-01,4.608331478962920755e+02,0.000000000000000000e+00,0.000000000000000000e+00,0.000000000000000000e+00,1.000000000000000000e+00
-8.764174041041559171e-01,9.831428928714067150e-02,4.714125246768789412e-01,4.804899290223467574e+02,8.617092804701885489e-02,9.951551557671508563e-01,-4.734301033432226913e-02,-6.779228584351694735e+02,-4.737829761574683385e-01,-8.694792959339843908e-04,-8.806418296554555658e-01,4.458206629922841557e+02,0.000000000000000000e+00,0.000000000000000000e+00,0.000000000000000000e+00,1.000000000000000000e+00
-1.465512075005932502e-01,8.960665594983053817e-01,4.190351110071058871e-01,4.093688539262095674e+02,9.788427460058344298e-01,1.925099146832152663e-01,-6.933322123886304089e-02,-6.740146503769107085e+02,-1.427949192002076761e-01,4.000087755933767197e-01,-9.053197249736036900e-01,4.072490961531965468e+02,0.000000000000000000e+00,0.000000000000000000e+00,0.000000000000000000e+00,1.000000000000000000e+00
-1.465512075005932502e-01,8.960665594983053817e-01,4.190351110071058871e-01,3.991462846880747293e+02,9.788427460058344298e-01,1.925099146832152663e-01,-6.933322123886304089e-02,-7.479145584597237075e+02,-1.427949192002076761e-01,4.000087755933767197e-01,-9.053197249736036900e-01,4.077139851650376272e+02,0.000000000000000000e+00,0.000000000000000000e+00,0.000000000000000000e+00,1.000000000000000000e+00
3.548789681122960782e-01,4.050333576483222120e-01,-8.426220306125836723e-01,3.907939110881968077e+02,-1.313510524941647328e-01,9.139435991573244822e-01,3.839987950196233624e-01,-8.190048172520611161e+02,9.256403672315972608e-01,-2.559333124693068812e-02,3.775401638840896190e-01,4.120161443745713541e+02,0.000000000000000000e+00,0.000000000000000000e+00,0.000000000000000000e+00,1.000000000000000000e+00
3.548789681122960782e-01,4.050333576483222120e-01,-8.426220306125836723e-01,3.577177622735961222e+02,-1.313510524941647328e-01,9.139435991573244822e-01,3.839987950196233624e-01,-8.281341060041862647e+02,9.256403672315972608e-01,-2.559333124693068812e-02,3.775401638840896190e-01,3.473198933133949140e+02,0.000000000000000000e+00,0.000000000000000000e+00,0.000000000000000000e+00,1.000000000000000000e+00
3.548789681122960782e-01,4.050333576483222120e-01,-8.426220306125836723e-01,3.260468305368843858e+02,-1.313510524941647328e-01,9.139435991573244822e-01,3.839987950196233624e-01,-8.327960212781076734e+02,9.256403672315972608e-01,-2.559333124693068812e-02,3.775401638840896190e-01,2.811048003600024003e+02,0.000000000000000000e+00,0.000000000000000000e+00,0.000000000000000000e+00,1.000000000000000000e+00
-5.471531918049349352e-01,3.405836569982673701e-01,-7.646105936703515571e-01,3.496558891624674743e+02,-7.989434141934178557e-01,-4.849253748455981117e-01,3.557218299328849809e-01,-8.171766556652280542e+02,-2.496263296932894893e-01,8.055141483300904959e-01,5.374344970182997061e-01,3.267023838554324016e+02,0.000000000000000000e+00,0.000000000000000000e+00,0.000000000000000000e+00,1.000000000000000000e+00
-5.471531918049349352e-01,3.405836569982673701e-01,-7.646105936703515571e-01,3.153534798490769617e+02,-7.989434141934178557e-01,-4.849253748455981117e-01,3.557218299328849809e-01,-8.829873698174664014e+02,-2.496263296932894893e-01,8.055141483300904959e-01,5.374344970182997061e-01,3.240008902714475880e+02,0.000000000000000000e+00,0.000000000000000000e+00,0.000000000000000000e+00,1.000000000000000000e+00
-5.471531918049349352e-01,3.405836569982673701e-01,-7.646105936703515571e-01,3.625034924273454067e+02,-7.989434141934178557e-01,-4.849253748455981117e-01,3.557218299328849809e-01,-8.291279358601718741e+02,-2.496263296932894893e-01,8.055141483300904959e-01,5.374344970182997061e-01,3.596577173884430181e+02,0.000000000000000000e+00,0.000000000000000000e+00,0.000000000000000000e+00,1.000000000000000000e+00
-5.471531918049349352e-01,3.405836569982673701e-01,-7.646105936703515571e-01,3.977783787643750202e+02,-7.989434141934178557e-01,-4.849253748455981117e-01,3.557218299328849809e-01,-7.609340464689709052e+02,-2.496263296932894893e-01,8.055141483300904959e-01,5.374344970182997061e-01,3.638181683502295982e+02,0.000000000000000000e+00,0.000000000000000000e+00,0.000000000000000000e+00,1.000000000000000000e+00
-5.471531918049349352e-01,3.405836569982673701e-01,-7.646105936703515571e-01,4.227874709607849582e+02,-7.989434141934178557e-01,-4.849253748455981117e-01,3.557218299328849809e-01,-6.953068606371583655e+02,-2.496263296932894893e-01,8.055141483300904959e-01,5.374344970182997061e-01,3.616062064700587939e+02,0.000000000000000000e+00,0.000000000000000000e+00,0.000000000000000000e+00,1.000000000000000000e+00
2.519334343929367503e-01,-4.735119031204150786e-01,-8.439900170107421662e-01,3.960372243362705262e+02,9.601778269381255893e-01,2.311508831777523421e-01,1.569336402740554026e-01,-7.487008893738053530e+02,1.207792620426810931e-01,-8.499170302520359099e-01,5.128894446152734155e-01,3.629365060339085858e+02,0.000000000000000000e+00,0.000000000000000000e+00,0.000000000000000000e+00,1.000000000000000000e+00
5.151984456041700522e-01,6.345907413222522386e-01,-5.760803872107768120e-01,3.813021094865706004e+02,-2.382953963257637975e-01,7.517040485084763857e-01,6.149442166608586335e-01,-7.599241445658823295e+02,8.232796608756839385e-01,-1.795402806389612971e-01,5.384962113513249715e-01,3.435509969158712238e+02,0.000000000000000000e+00,0.000000000000000000e+00,0.000000000000000000e+00,1.000000000000000000e+00
3.614830341238099987e-01,6.443104511741378770e-01,-6.739417871378544644e-01,4.239068858002959246e+02,-5.928598707231245157e-01,7.167112138056654924e-01,3.672096616243709089e-01,-7.670334562323778300e+02,7.196179740194008634e-01,2.668129333198512310e-01,6.410640609173405835e-01,4.011389860132089780e+02,0.000000000000000000e+00,0.000000000000000000e+00,0.000000000000000000e+00,1.000000000000000000e+00
3.614830341238099987e-01,6.443104511741378770e-01,-6.739417871378544644e-01,4.113696460442350826e+02,-5.928598707231245157e-01,7.167112138056654924e-01,3.672096616243709089e-01,-7.100944814989281895e+02,7.196179740194008634e-01,2.668129333198512310e-01,6.410640609173405835e-01,3.546181640954475256e+02,0.000000000000000000e+00,0.000000000000000000e+00,0.000000000000000000e+00,1.000000000000000000e+00
3.614830341238099987e-01,6.443104511741378770e-01,-6.739417871378544644e-01,4.424020776162010975e+02,-5.928598707231245157e-01,7.167112138056654924e-01,3.672096616243709089e-01,-7.390002362555444506e+02,7.196179740194008634e-01,2.668129333198512310e-01,6.410640609173405835e-01,4.046081103138815820e+02,0.000000000000000000e+00,0.000000000000000000e+00,0.000000000000000000e+00,1.000000000000000000e+00
3.614830341238099987e-01,6.443104511741378770e-01,-6.739417871378544644e-01,4.082569353761431330e+02,-5.928598707231245157e-01,7.167112138056654924e-01,3.672096616243709089e-01,-7.021291818574713943e+02,7.196179740194008634e-01,2.668129333198512310e-01,6.410640609173405835e-01,3.466605134128392933e+02,0.000000000000000000e+00,0.000000000000000000e+00,0.000000000000000000e+00,1.000000000000000000e+00
3.614830341238099987e-01,6.443104511741378770e-01,-6.739417871378544644e-01,3.793446057870559684e+02,-5.928598707231245157e-01,7.167112138056654924e-01,3.672096616243709089e-01,-6.639056411984745409e+02,7.196179740194008634e-01,2.668129333198512310e-01,6.410640609173405835e-01,2.936172939751145918e+02,0.000000000000000000e+00,0.000000000000000000e+00,0.000000000000000000e+00,1.000000000000000000e+00
3.614830341238099987e-01,6.443104511741378770e-01,-6.739417871378544644e-01,3.554315821198611616e+02,-5.928598707231245157e-01,7.167112138056654924e-01,3.672096616243709089e-01,-6.171740720149817889e+02,7.196179740194008634e-01,2.668129333198512310e-01,6.410640609173405835e-01,2.424625086422209392e+02,0.000000000000000000e+00,0.000000000000000000e+00,0.000000000000000000e+00,1.000000000000000000e+00
3.271304118105524128e-01,-3.224835478402489075e-01,-8.882530865129165676e-01,3.892618448662148580e+02,6.709325792315462555e-01,7.411929345371275346e-01,-2.199604371388854535e-02,-6.544650433926257165e+02,6.654595865655685838e-01,-5.887614920882366931e-01,4.588306753105979019e-01,3.031797102606129215e+02,0.000000000000000000e+00,0.000000000000000000e+00,0.000000000000000000e+00,1.000000000000000000e+00
3.342085111620156090e-01,-3.245181500301885791e-01,8.848705718729643621e-01,3.609422821305722664e+02,6.545473692903214236e-01,-5.955995268417954014e-01,-4.656501254260770883e-01,-6.860552059663181126e+02,6.781398366044810722e-01,7.348128925903513187e-01,1.335808008940324136e-02,2.439273925863424779e+02,0.000000000000000000e+00,0.000000000000000000e+00,0.000000000000000000e+00,1.000000000000000000e+00
3.342085111620156090e-01,-3.245181500301885791e-01,8.848705718729643621e-01,3.403275083117645750e+02,6.545473692903214236e-01,-5.955995268417954014e-01,-4.656501254260770883e-01,-7.250003112481138032e+02,6.781398366044810722e-01,7.348128925903513187e-01,1.335808008940324136e-02,1.872366693270946598e+02,0.000000000000000000e+00,0.000000000000000000e+00,0.000000000000000000e+00,1.000000000000000000e+00
-1.061459036597257322e-01,9.190715707803079892e-01,-3.795317262465360275e-01,3.120436154097021699e+02,-9.313908058934864398e-01,-2.255595100977667855e-01,-2.857202258231115177e-01,-7.788108912910197432e+02,-3.482049429300165810e-01,3.231635528327924667e-01,8.799558744478337413e-01,1.585382992824753785e+02,0.000000000000000000e+00,0.000000000000000000e+00,0.000000000000000000e+00,1.000000000000000000e+00
9.028013020538713795e-02,9.654719526914153915e-01,-2.443705280079740139e-01,3.012387385108444278e+02,-9.742984145978449417e-01,3.476938253176824201e-02,-2.225673045781701165e-01,-8.475003568622802277e+02,-2.063869052977233831e-01,2.581826856439960460e-01,9.437954047361681864e-01,1.326116129264733559e+02,0.000000000000000000e+00,0.000000000000000000e+00,0.000000000000000000e+00,1.000000000000000000e+00
