1.000000000000000000e+00 0.000000000000000000e+00 0.000000000000000000e+00 0.000000000000000000e+00 0.000000000000000000e+00 1.000000000000000000e+00 0.000000000000000000e+00 0.000000000000000000e+00 0.000000000000000000e+00 0.000000000000000000e+00 1.000000000000000000e+00 0.000000000000000000e+00
9.999999996727018114e-01 1.131606296673494643e-05 -2.294652787862151819e-05 -4.707223994238452815e-03 -1.131165930983318664e-05 9.999999815231107592e-01 1.919005586246498498e-04 -1.776692031272685685e-02 2.294869901344581112e-05 -1.919002989985354600e-04 9.999999813238160673e-01 -1.473451508619965517e-02
9.999999971968976942e-01 2.711585596860098535e-05 -6.979208349155471933e-05 -1.250017255373673045e-02 -2.707824807749507044e-05 9.999998544802943812e-01 5.388006667286958850e-04 -3.427037416165285705e-02 6.980668337670606902e-05 -5.387987753710318664e-04 9.999998524114424026e-01 -3.371391988099397413e-02
9.999999853232548475e-01 8.877471872564037794e-05 -1.465351133673930206e-04 -1.675910861301603896e-02 -8.862282023934487610e-05 9.999994591321559323e-01 1.036282486222988436e-03 -3.323595672216084207e-02 1.466270297974969392e-04 -1.036269484658723563e-03 9.999994523228846743e-01 -6.624485347888059428e-02
9.999999653715717640e-01 6.268839446651295493e-05 -2.555915108636507525e-04 -1.333137199661936848e-02 -6.222820567278249007e-05 9.999983778896713860e-01 1.800096018637755996e-03 -2.900779148546710207e-02 2.557039413953150287e-04 -1.800080051302153841e-03 9.999983471622856390e-01 -1.183651009021945838e-01
9.999996941475690626e-01 1.140387724772201107e-04 -7.737570204993020426e-04 -1.022749455098362695e-02 -1.104695827796816385e-04 9.999893618897075509e-01 4.611280070308445417e-03 -3.499684403966664414e-02 7.742746539055450888e-04 -4.611193183321997749e-03 9.999890686383459126e-01 -2.428090019425436230e-01
9.999990652277636061e-01 1.720238255720399464e-04 -1.356448083211440458e-03 -9.905959696824843258e-03 -1.624572934400993066e-04 9.999751381127599537e-01 7.049593179353246496e-03 -4.444299371710403596e-02 1.357627057339587644e-03 -7.049366224704973864e-03 9.999742313102889524e-01 -3.522679470483194297e-01
9.999990165877024051e-01 1.351445512045983956e-04 -1.395908155426807667e-03 -1.091080133815086270e-02 -1.245366097972797168e-04 9.999711376227924386e-01 7.596605295206920738e-03 -4.193383526562882713e-02 1.396894506012377919e-03 -7.596423982942588152e-03 9.999701710693226220e-01 -3.912748144435842512e-01
9.999987315993411618e-01 1.560913134483951897e-04 -1.585066311127750508e-03 -7.331357173978224340e-03 -1.439583974094316631e-04 9.999707145880443182e-01 7.651747660224607166e-03 -5.238210183343110921e-02 1.586214263150312375e-03 -7.651509771136895573e-03 9.999694686951865474e-01 -3.942901822037953585e-01
9.999985382818622481e-01 1.314049483103467842e-04 -1.704748332863359559e-03 -1.925543543721446732e-02 -1.189896584242129739e-04 9.999734873388418377e-01 7.280828308398483439e-03 -5.630917436084044436e-02 1.705659872315972055e-03 -7.280614818457860002e-03 9.999720412952880499e-01 -3.821276745263906260e-01
9.999985624817835372e-01 1.627912678632335679e-04 -1.687759867247278812e-03 -9.563756472171145578e-03 -1.502490945163904054e-04 9.999723953909041008e-01 7.428720036926301194e-03 -5.272765881670305604e-02 1.688922608049307772e-03 -7.428455773614108144e-03 9.999709823716103063e-01 -3.813737117661434861e-01
9.999986099223160396e-01 1.817794198464549608e-04 -1.657440701253018152e-03 -1.468562119648963819e-02 -1.693463782295307992e-04 9.999718722160126916e-01 7.498406404461417478e-03 -5.004185509891699579e-02 1.658757137084977554e-03 -7.498115299514122346e-03 9.999705129611149435e-01 -3.815250887821974857e-01
9.999985869550864770e-01 1.976155574712342659e-04 -1.669441799443150375e-03 -9.089220852348287721e-03 -1.850589938483558150e-04 9.999717206339369113e-01 7.518223564933774333e-03 -4.621808847127185926e-02 1.670880306628360745e-03 -7.517903996126513999e-03 9.999703441995196895e-01 -3.828987379452812867e-01
9.999986316721620749e-01 2.319696132744966167e-04 -1.637938918908754017e-03 -4.705550487735165807e-03 -2.195729733676580315e-04 9.999713641514539342e-01 7.564566397990178138e-03 -4.406473838069849963e-02 1.639646764679875655e-03 -7.564196400064774305e-03 9.999700467970570328e-01 -3.811877021895310746e-01
9.999986911506819620e-01 2.562471546344704046e-04 -1.597508785174079488e-03 -7.068311578743984025e-03 -2.439974783692853207e-04 9.999706054014743106e-01 7.663471683224788202e-03 -4.496426906253680328e-02 1.599425569858146153e-03 -7.663071864779846289e-03 9.999693591142888582e-01 -3.792865600240786783e-01
9.999987852888889694e-01 2.356609824503943704e-04 -1.540741590211692656e-03 -1.012566264807423372e-02 -2.238164754764940061e-04 9.999704587787799914e-01 7.683194383957652959e-03 -4.368621500830366378e-02 1.542506703960413962e-03 -7.682840207743724809e-03 9.999692968483634425e-01 -3.768023663785598498e-01
9.999988574085191262e-01 2.099656330585299678e-04 -1.497029087597486320e-03 -6.748404371502714390e-03 -1.984281833570798498e-04 9.999703126527796915e-01 7.702885132082074905e-03 -4.013950454141026331e-02 1.498601985928298868e-03 -7.702579278068859801e-03 9.999692117583185436e-01 -3.760638901051333582e-01
9.999988417730473200e-01 2.621467577575277799e-04 -1.499243689782478245e-03 -2.607947834219115010e-04 -2.506131159828394969e-04 9.999704155326418764e-01 7.687994051873122195e-03 -3.809067651960187928e-02 1.501214718170833630e-03 -7.687609417298485459e-03 9.999693230373705166e-01 -3.765540946818950463e-01
9.999988416525759094e-01 2.576127081738395562e-04 -1.500109728973459842e-03 5.081037402548297700e-03 -2.460167531708881759e-04 9.999701304619830200e-01 7.725131688315504952e-03 -3.845475539463916875e-02 1.502055013484107247e-03 -7.724753687804191207e-03 9.999690355262003116e-01 -3.766139280625869779e-01
9.999988086890423400e-01 2.921620363725846849e-04 -1.515672075527396863e-03 2.635434697166471121e-03 -2.804400933635556206e-04 9.999700970614211482e-01 7.728281589459673820e-03 -3.801726349340243255e-02 1.517884662965254036e-03 -7.727847327454762452e-03 9.999689877200359511e-01 -3.782742759629554308e-01
9.999988393133238951e-01 2.617720558972327113e-04 -1.500948831802286767e-03 -1.189707496623509811e-03 -2.501318004126856288e-04 9.999699353510275168e-01 7.750214716017719135e-03 -3.858521445678955025e-02 1.502932495942390029e-03 -7.749830285413135053e-03 9.999688401767626855e-01 -3.783403576496950915e-01
9.999988279059709440e-01 2.575843139748082216e-04 -1.509250478056124375e-03 -1.176057675755722530e-03 -2.458974502794033026e-04 9.999700266325289855e-01 7.738563883765330401e-03 -3.696373470258725036e-02 1.511198573406089592e-03 -7.738183692596422095e-03 9.999689179129576111e-01 -3.783734360825786180e-01
9.999988276399264242e-01 2.537228209428227352e-04 -1.510080627955947673e-03 -2.253307715060588398e-03 -2.420034522095493681e-04 9.999698933775180709e-01 7.755886337755799054e-03 -3.831322474388094979e-02 1.512003009889091761e-03 -7.755511800339240716e-03 9.999687824545389070e-01 -3.782607825987390204e-01
9.999988275756835909e-01 2.597703895831181406e-04 -1.509094630209481926e-03 -4.284803613644327415e-03 -2.480178660348550564e-04 9.999696830168820494e-01 7.782771630626177106e-03 -3.857005242811455126e-02 1.511070612631578705e-03 -7.782388223485639175e-03 9.999685750558077180e-01 -3.781696424459360939e-01
9.999988434366295920e-01 2.432014431109623290e-04 -1.501325568010134772e-03 -5.377134409897421988e-03 -2.315047018580783269e-04 9.999696602396462852e-01 7.786206122323032289e-03 -4.016211417273325007e-02 1.503173634717496670e-03 -7.785849553154223016e-03 9.999685600136434260e-01 -3.792212105938460032e-01
9.999988545843045973e-01 2.515691505347538142e-04 -1.492495574995020497e-03 -5.022261320700351778e-03 -2.399341283949868594e-04 9.999696228871213233e-01 7.790746729443195386e-03 -3.980204260220300549e-02 1.494410148825225633e-03 -7.790379705174692131e-03 9.999685378662451773e-01 -3.786382926385881142e-01
9.999988443061623711e-01 2.423749502663113660e-04 -1.500879982939967586e-03 -4.389923146521900951e-03 -2.307369732475408484e-04 9.999699461217264052e-01 7.749426673033289921e-03 -3.740876258438500385e-02 1.502713142580126013e-03 -7.749071408564167478e-03 9.999688463874842892e-01 -3.783215760960554896e-01
9.999988298653317287e-01 2.525825721891591740e-04 -1.508797538288503704e-03 -4.799490582785521237e-03 -2.408421653149141650e-04 9.999697341817910257e-01 7.776420477931641345e-03 -3.761356870447206402e-02 1.510716061583235962e-03 -7.776047996406302426e-03 9.999686249150714357e-01 -3.783031456406815707e-01
9.999988382610313087e-01 2.611555897222067797e-04 -1.501757086094696741e-03 -5.465376563961957083e-03 -2.495013603103716083e-04 9.999698956660074689e-01 7.755353685380728286e-03 -3.872539572779105238e-02 1.503737230663011043e-03 -7.754969985248299190e-03 9.999687991206870352e-01 -3.777141308771982953e-01
9.999988395371421923e-01 2.297893692603910818e-04 -1.506028291458079644e-03 -4.958760619915361656e-03 -2.180797683928299246e-04 9.999697837895484831e-01 7.770710977654355159e-03 -3.873327139438176997e-02 1.507768411764538958e-03 -7.770373525731892606e-03 9.999686734741679572e-01 -3.787363680651559261e-01
9.999988401370297764e-01 2.452452791996546618e-04 -1.503189724580687595e-03 -4.601994026898677606e-03 -2.335393999054193547e-04 9.999696878807502465e-01 7.782594620284637339e-03 -3.820276144968402787e-02 1.505052804305050508e-03 -7.782234539515102585e-03 9.999685853273733160e-01 -3.775850772212332451e-01
9.999988341823196070e-01 2.425450509549704299e-04 -1.507582800337882055e-03 -4.722600631129247363e-03 -2.307988090124778809e-04 9.999696562663575872e-01 7.786737343229996680e-03 -3.806289774851499830e-02 1.509425689252631318e-03 -7.786380316999123863e-03 9.999685464631613563e-01 -3.780255717789167136e-01
9.999988256056923097e-01 2.477581680006855696e-04 -1.512416320461039149e-03 -4.068624491216221196e-03 -2.359952709759043869e-04 9.999697636233412235e-01 7.772782340389309402e-03 -3.824949104648061454e-02 1.514296360784431889e-03 -7.772416288978598736e-03 9.999686477342989432e-01 -3.786402798696602567e-01
9.999988343868073670e-01 2.675630363302419963e-04 -1.503208251767976494e-03 -2.381306823570041292e-03 -2.558835767867223229e-04 9.999698229571681862e-01 7.764515348992769191e-03 -3.874126181484097847e-02 1.505240386690587240e-03 -7.764121652267127159e-03 9.999687258441370963e-01 -3.789822236124124610e-01
9.999988356747799845e-01 2.288933370832775017e-04 -1.508726921780787064e-03 -5.207105231945376167e-03 -2.171288231876786386e-04 9.999696089838692181e-01 7.793199838434749366e-03 -3.880955898117966624e-02 1.510464881554146729e-03 -7.792863176514595175e-03 9.999684943933752068e-01 -3.789038866430722297e-01
9.999988309815631693e-01 2.475348041400526606e-04 -1.508894306390880539e-03 -4.627484237215326660e-03 -2.357876814829745684e-04 9.999697039272830157e-01 7.780464751622890619e-03 -3.769891396288987256e-02 1.510774528637663259e-03 -7.780099877426041068e-03 9.999685933099203838e-01 -3.791132143571577240e-01
9.999988292410222357e-01 2.249813538512367974e-04 -1.513571926052260496e-03 -5.129145139815802050e-03 -2.131685120239101036e-04 9.999695548537916867e-01 7.800251578963372269e-03 -3.886555338219379457e-02 1.515280756294290574e-03 -7.799919800873488830e-03 9.999684320893982292e-01 -3.788136239129109017e-01
9.999988339683306693e-01 2.291546316485717940e-04 -1.509817914113319214e-03 -4.894272256409370157e-03 -2.174255318393072804e-04 9.999698349566001898e-01 7.764142129546631153e-03 -3.872280112499064397e-02 1.511551559520177669e-03 -7.763804803348066906e-03 9.999687187841719282e-01 -3.779370280218319333e-01
9.999988444190101022e-01 2.198878305312975344e-04 -1.504263935099685876e-03 -4.563715131318998516e-03 -2.081560572099311053e-04 9.999695989768023763e-01 7.794728553892491668e-03 -3.872283256691404912e-02 1.505932169888195499e-03 -7.794406424802620414e-03 9.999684892019271576e-01 -3.795444266860809601e-01
9.999988427395803958e-01 2.582869869593552663e-04 -1.499268932645218865e-03 -4.565308855318681892e-03 -2.466321789351936405e-04 9.999697931902942205e-01 7.768647213549728300e-03 -3.854872937228723262e-02 1.501230184995410366e-03 -7.768268455238125023e-03 9.999686996667140892e-01 -3.782862889375394611e-01
9.999988556083979629e-01 2.318206538802160450e-04 -1.495005377527519868e-03 -4.711518114569173202e-03 -2.201764050769393453e-04 9.999696781527609435e-01 7.784233900280789799e-03 -3.915306686105066852e-02 1.496764592395560377e-03 -7.783895827159292326e-03 9.999685848372972252e-01 -3.794503056208938796e-01
9.999988423996005737e-01 2.640609014061086530e-04 -1.498489672690202570e-03 -3.028241960590499597e-03 -2.523933946508255901e-04 9.999696954570681529e-01 7.781032391182028836e-03 -3.899082362102066629e-02 1.500498928072669345e-03 -7.780645174960485431e-03 9.999686045389766242e-01 -3.788183266393226889e-01
9.999988438511846489e-01 2.169400813473262477e-04 -1.505069199484895988e-03 -5.696005028235703350e-03 -2.052379574927860808e-04 9.999697847084121349e-01 7.770942516363654393e-03 -3.857577690886089539e-02 1.506709552281818975e-03 -7.770624634669282688e-03 9.999686731188692779e-01 -3.782283824770953373e-01
9.999988506934381904e-01 2.371765370278652591e-04 -1.497450864938536371e-03 -3.606010373809770235e-03 -2.255202792519914537e-04 9.999697142437051767e-01 7.779443165562180754e-03 -3.721075837311158679e-02 1.499250614896590608e-03 -7.779096519059875911e-03 9.999686184600699024e-01 -3.784818531677457409e-01
9.999988326216812107e-01 2.224380464737393402e-04 -1.511713130939030267e-03 -5.939958318273327355e-03 -2.106342626081748057e-04 9.999695269593383840e-01 7.803895560841573632e-03 -3.949464029877993582e-02 1.513402947726761065e-03 -7.803568032162483924e-03 9.999684064696670038e-01 -3.800622555492605414e-01
9.999988525631191560e-01 2.467221976079244359e-04 -1.494657352823003165e-03 -5.547655232235709256e-03 -2.350605417331817944e-04 9.999695723061136077e-01 7.797384719890239520e-03 -3.979546591552663576e-02 1.496535661740292346e-03 -7.797024437916377261e-03 9.999684828988000262e-01 -3.789349463643531535e-01
9.999988322986659295e-01 2.593193341538068265e-04 -1.506039437575398474e-03 -4.159662309666876077e-03 -2.476224927378201861e-04 9.999698474855100994e-01 7.761623728751755602e-03 -3.860271620513487656e-02 1.508006765796726916e-03 -7.761241736253679871e-03 9.999687440326850973e-01 -3.783469486564889905e-01
9.999988466073250759e-01 2.356046612376427277e-04 -1.500424760876870826e-03 -5.805406973362521594e-03 -2.239483268393825893e-04 9.999698336502194085e-01 7.764124979643021070e-03 -4.000843914999637624e-02 1.502208762574350123e-03 -7.763780006943396018e-03 9.999687330556078502e-01 -3.771489347822022387e-01
9.999988301851544525e-01 2.441500635373043226e-04 -1.509973201468074169e-03 -4.648525488326046839e-03 -2.323405288567264931e-04 9.999694255886170113e-01 7.816259070042482979e-03 -4.054071508170745131e-02 1.511835375074809971e-03 -7.815899098494396083e-03 9.999683125354926760e-01 -3.792992318869707891e-01
9.999988542006347236e-01 2.315277617665835496e-04 -1.495992083246342570e-03 -3.367017802433521466e-03 -2.199041030169232125e-04 9.999698249201576239e-01 7.765364855230981814e-03 -3.901722732560366363e-02 1.497744839110019604e-03 -7.765026982883673282e-03 9.999687300692716718e-01 -3.785291713785064460e-01
9.999988275142384087e-01 2.341602539554409263e-04 -1.513320562150575078e-03 -5.158982450507949846e-03 -2.224144206926057128e-04 9.999698881836881492e-01 7.757142368659597498e-03 -3.895637029420321445e-02 1.515091407746800393e-03 -7.756796689204467632e-03 9.999687678138495794e-01 -3.786642962024264203e-01
9.999988500551654225e-01 2.446728337949289657e-04 -1.496670822601919599e-03 -4.329450837734284165e-03 -2.330042834932023906e-04 9.999696182718965654e-01 7.791549406979932438e-03 -3.927344694148208332e-02 1.498531731628985689e-03 -7.791191716415292803e-03 9.999685253718175737e-01 -3.783766226799781252e-01
9.999988454027399776e-01 2.496286867097550349e-04 -1.498959207463196374e-03 -4.224772380945405331e-03 -2.379762521926794591e-04 9.999697938174162415e-01 7.768836467420206157e-03 -3.717030065137943984e-02 1.500853254072314963e-03 -7.768470780848526006e-03 9.999686986607314587e-01 -3.789288733419326483e-01
9.999988313843324317e-01 2.357596684673798828e-04 -1.510512280020584290e-03 -4.026060151016214866e-03 -2.240274117136047659e-04 9.999698459506898285e-01 7.762538313750281214e-03 -3.870099586710845641e-02 1.512296825418124255e-03 -7.762190846169934010e-03 9.999687301868891431e-01 -3.784081366297724069e-01
9.999988145986625776e-01 2.528967817395434995e-04 -1.518829973220429562e-03 -4.860735823047553431e-03 -2.410531320964355128e-04 9.999696050263230385e-01 7.793004355643826965e-03 -3.823046540157516715e-02 1.520754634144998044e-03 -7.792628999083874887e-03 9.999684806225771494e-01 -3.784965025316158194e-01
9.999988554701247923e-01 2.404201872634541791e-04 -1.493739125129844641e-03 -4.786523356040913758e-03 -2.287956135873286858e-04 9.999697286064422874e-01 7.777501097738765898e-03 -3.741112617867258655e-02 1.495563775835275248e-03 -7.777150435196731118e-03 9.999686391182979195e-01 -3.789445943297327646e-01
9.999988349300218404e-01 2.266709990586068357e-04 -1.509555847657643828e-03 -5.433082806469279914e-03 -2.149050313359778018e-04 9.999696349378647264e-01 7.789930555603699798e-03 -3.849311765074405617e-02 1.511275761242168985e-03 -7.789597068642733525e-03 9.999685186160021111e-01 -3.780028779716811393e-01
9.999988485687238970e-01 2.206509849031769422e-04 -1.501390811641133225e-03 -6.818531041558076496e-03 -2.089890444559115820e-04 9.999698444315281431e-01 7.763153429161805119e-03 -3.939248023547977512e-02 1.503058483797808931e-03 -7.762830716193065000e-03 9.999687391486126176e-01 -3.781467142197838527e-01
9.999988349457791248e-01 2.297572692867573649e-04 -1.509078752625024871e-03 -7.264796117491054660e-03 -2.180178242259950012e-04 9.999697522049798559e-01 7.774776095782912587e-03 -3.958507517212010718e-02 1.510819417645329395e-03 -7.774438031680972784e-03 9.999686372771792175e-01 -3.786161372130430469e-01
9.999988544709937921e-01 2.401227174837373285e-04 -1.494455680437764078e-03 -6.092002465204605748e-03 -2.284981248436456956e-04 9.999697574906634134e-01 7.773795255268459159e-03 -3.842344327759898009e-02 1.496277149189752633e-03 -7.773444869839864213e-03 9.999686668638915199e-01 -3.785263188149120550e-01
9.999988328776898694e-01 2.493481248302787485e-04 -1.507338306694227950e-03 -4.603164911060044981e-03 -2.376270546126860845e-04 9.999697756191694431e-01 7.771189196694088495e-03 -3.983851720965631699e-02 1.509230479781102944e-03 -7.770821942403675735e-03 9.999686677839952909e-01 -3.785445940603494042e-01
9.999988260431965648e-01 2.299396082595425283e-04 -1.514938944401368918e-03 -4.358182224034758134e-03 -2.180895552499451215e-04 9.999694178499890507e-01 7.817659605022012764e-03 -4.038371027292670529e-02 1.516690203898399042e-03 -7.817320035066716022e-03 9.999682940765145522e-01 -3.797472586503775616e-01
9.999988406830683241e-01 2.313880507928546917e-04 -1.505022288614449788e-03 -3.095748889226596599e-03 -2.196875010124411552e-04 9.999697900410586815e-01 7.769861172690465528e-03 -3.786560018780889270e-02 1.506774674984584722e-03 -7.769521530373297083e-03 9.999686815922126382e-01 -3.789898249736670111e-01
9.999988457280757359e-01 2.513447873785086637e-04 -1.498455309297483991e-03 -3.850842100759917924e-03 -2.396683197209173671e-04 9.999696487867196781e-01 7.787429900879746028e-03 -3.952581595837560691e-02 1.500367159273461887e-03 -7.787061779801892833e-03 9.999685547892118720e-01 -3.782865788194638701e-01
9.999988171695027850e-01 2.450016245258542706e-04 -1.518431361405249251e-03 -4.970534621700963690e-03 -2.331860189569310226e-04 9.999697334085529965e-01 7.776753249785568062e-03 -3.874466394195170277e-02 1.520290720843327399e-03 -7.776389974240429520e-03 9.999686077448094457e-01 -3.784421005719020292e-01
9.999988505596644206e-01 2.478436123988178325e-04 -1.495811784214627150e-03 -5.796544637030903550e-03 -2.362075041420976125e-04 9.999697518096490878e-01 7.774295579903913594e-03 -4.014013976778157966e-02 1.497693348115428655e-03 -7.773933321846776892e-03 9.999686609466030829e-01 -3.780993359740103532e-01
9.999988478536985248e-01 2.337488267388687017e-04 -1.499884249352347737e-03 -5.044657358495826041e-03 -2.220971944058524033e-04 9.999698363989990568e-01 7.763824121869060749e-03 -3.958574093047899367e-02 1.501653792221796339e-03 -7.763482056724099745e-03 9.999687362024091142e-01 -3.781774510011775003e-01
9.999988408087003844e-01 2.351898531509907591e-04 -1.504349357184588207e-03 -4.507461594183480129e-03 -2.234926295032412761e-04 9.999697799536566567e-01 7.771050796390891434e-03 -3.952324701853297123e-02 1.506131567972929502e-03 -7.770705577262890414e-03 9.999686733605865907e-01 -3.783998962087239404e-01
9.999988359710191288e-01 2.301287266292703334e-04 -1.508342592346135873e-03 -4.687124343895844938e-03 -2.183932177109011133e-04 9.999697429769895951e-01 7.775952349116826631e-03 -3.883545047185513882e-02 1.510086424402043784e-03 -7.775613885890785004e-03 9.999686292417819811e-01 -3.788078880808508075e-01
9.999988451281255353e-01 2.440041880433939294e-04 -1.500068122276932737e-03 -5.553147821805898103e-03 -2.323355200574764301e-04 9.999697548759121091e-01 7.774017855288320455e-03 -3.798373449843166910e-02 1.501919645445048534e-03 -7.773660358186437053e-03 9.999686567298068374e-01 -3.783357611444482238e-01
9.999988342284089615e-01 2.228922473792291142e-04 -1.510582956725798525e-03 -5.221144954845595432e-03 -2.111355667952921687e-04 9.999697241604715847e-01 7.778572118500126469e-03 -3.869562292886159077e-02 1.512271005979500460e-03 -7.778244112672972645e-03 9.999686054846562699e-01 -3.782193095006005090e-01
9.999988539005274513e-01 2.204102302408825784e-04 -1.497870809480902768e-03 -4.776430950426783194e-03 -2.087446570914899900e-04 9.999696839632711276e-01 7.783802416804629261e-03 -3.900988715684483576e-02 1.499541029657264777e-03 -7.783480823264293282e-03 9.999685839080016958e-01 -3.790232644764625625e-01
9.999988466056235481e-01 2.319111585123576004e-04 -1.501001211540183011e-03 -5.273269075299886685e-03 -2.202521777285133754e-04 9.999698433668650077e-01 7.762979184929383152e-03 -3.932256868979833175e-02 1.502756267893595819e-03 -7.762639632367232360e-03 9.999687410862088122e-01 -3.782734114091402255e-01
9.999988267365733652e-01 2.588941852645872729e-04 -1.509801072195320537e-03 -4.617636936559491902e-03 -2.471320189452341125e-04 9.999696617622584327e-01 7.785530222122786018e-03 -3.965456824229479649e-02 1.511770895995159314e-03 -7.785147967457741597e-03 9.999685525154692334e-01 -3.790101797097300551e-01
9.999988305138119982e-01 2.408084025935639438e-04 -1.510292131157345502e-03 -4.598218666505296537e-03 -2.290610689946879954e-04 9.999697593308491950e-01 7.773541974560958107e-03 -3.801585834612183912e-02 1.512118393138074191e-03 -7.773186934380929905e-03 9.999686450398573845e-01 -3.786031598212535321e-01
9.999988715844411180e-01 2.248050174708133295e-04 -1.485359400493396808e-03 -4.728528259564148892e-03 -2.132683276153868779e-04 9.999698483397416737e-01 7.762533607949953680e-03 -3.823103220098663518e-02 1.487059670944744635e-03 -7.762208068471003648e-03 9.999687679019964026e-01 -3.778005484325229757e-01
9.999988556155573471e-01 2.160753765499421946e-04 -1.497357341265169711e-03 -5.811181936973493049e-03 -2.044533870357403190e-04 9.999698894100090829e-01 7.757478465756413415e-03 -3.927505269829981854e-02 1.498988455032763348e-03 -7.757163448438718530e-03 9.999687892373670950e-01 -3.787772163369667600e-01
9.999988457707524869e-01 2.295971524281122372e-04 -1.501912883774715948e-03 -5.465908491618083273e-03 -2.179195038112004528e-04 9.999697836608472112e-01 7.770732035547947211e-03 -3.935546441065852774e-02 1.503651639413285720e-03 -7.770395770231357246e-03 9.999686795001737627e-01 -3.785701206371543392e-01
9.999988394274906822e-01 2.274938195922728457e-04 -1.506449545734095700e-03 -5.343728671042779349e-03 -2.157306063587012828e-04 9.999695240307129307e-01 7.804131604151973850e-03 -3.965325998458080897e-02 1.508179026931236654e-03 -7.803797559617424787e-03 9.999684125709528137e-01 -3.796650569980822287e-01
9.999988483386402782e-01 2.294431419918496935e-04 -1.500225728928809236e-03 -6.039337177730084646e-03 -2.177980053597863765e-04 9.999698839616761870e-01 7.757817586199548289e-03 -3.924793144850995119e-02 1.501960526115239582e-03 -7.757481905649448763e-03 9.999687823072586079e-01 -3.778966925250232256e-01
9.999988042673985111e-01 2.415776555979006553e-04 -1.527450165998791827e-03 -4.514798840728916594e-03 -2.296668091843658954e-04 9.999696059067268994e-01 7.793235265417153453e-03 -3.986078345744437784e-02 1.529286412040918889e-03 -7.792875142185862365e-03 9.999684656928378157e-01 -3.792651827211300786e-01
9.999988452336907585e-01 2.373504367084371223e-04 -1.501064973652348937e-03 -5.807228470797677969e-03 -2.257025733488998394e-04 9.999699029190559640e-01 7.755147606725304975e-03 -4.070408622731537529e-02 1.502860483649529457e-03 -7.754799857114808535e-03 9.999688017581062072e-01 -3.779586422378334865e-01
9.999988616825511434e-01 2.315479588508458336e-04 -1.490979256937147255e-03 -5.123593325748027581e-03 -2.199545920440584064e-04 9.999697799862276026e-01 7.771147551867309614e-03 -3.850212132651276847e-02 1.492733592877031751e-03 -7.770810758100248766e-03 9.999686926332156389e-01 -3.785892070770572326e-01
9.999988250169420390e-01 2.253679913316539445e-04 -1.516302741510339646e-03 -4.077620432400732089e-03 -2.135791020050155278e-04 9.999697869090000690e-01 7.770434552600126790e-03 -3.915014689822515770e-02 1.518008136544520643e-03 -7.770101571893273801e-03 9.999686600953351379e-01 -3.779601527730062083e-01
9.999988341385188662e-01 2.253370739881010608e-04 -1.510279711228292195e-03 -5.911056334781432213e-03 -2.135970850574054497e-04 9.999697976956850587e-01 7.769045806014890712e-03 -3.912389379388916261e-02 1.511984751350459785e-03 -7.768714157039700169e-03 9.999686800007577814e-01 -3.786281443756340792e-01
9.999988300905106042e-01 2.468213647229435654e-04 -1.509601544751939910e-03 -4.607616553462376766e-03 -2.350619567198618666e-04 9.999696690652369879e-01 7.784965988170788713e-03 -3.973273485703819607e-02 1.511477253055489977e-03 -7.784602030572227750e-03 9.999685572095450281e-01 -3.794990946774536855e-01
9.999988335962597397e-01 2.234561201815570312e-04 -1.510918092546517742e-03 -5.515074178359950091e-03 -2.116531562887628978e-04 9.999694991138278199e-01 7.807435237114268047e-03 -3.900145256956936285e-02 1.512616627392415845e-03 -7.807106339909423813e-03 9.999683800408570855e-01 -3.794888284090059960e-01
9.999988261358767616e-01 2.740551434791954209e-04 -1.507521358649035114e-03 -3.784246362744914192e-03 -2.623437296635286052e-04 9.999698301373982634e-01 7.763374958762113073e-03 -3.909709847050883702e-02 1.509603469774981705e-03 -7.762970356838998567e-03 9.999687282053388859e-01 -3.779106598694748631e-01
9.999988340497062422e-01 2.440184409644515385e-04 -1.507432993062484414e-03 -4.500050265133295757e-03 -2.322930766003282737e-04 9.999697577503878776e-01 7.773649371900682656e-03 -3.936742722564193220e-02 1.509284318697970200e-03 -7.773290141964187341e-03 9.999686485191494612e-01 -3.789565401010030476e-01
9.999988285002765487e-01 2.295600763143755725e-04 -1.513373795776925840e-03 -4.579257268559253601e-03 -2.177526952663180813e-04 9.999695747099830445e-01 7.797578989613388953e-03 -3.864409984980193835e-02 1.515117763768208253e-03 -7.797240313528783218e-03 9.999684532332282494e-01 -3.794237330982370149e-01
9.999988526677626721e-01 2.270882478898614612e-04 -1.497696259563708818e-03 -4.441852784359399085e-03 -2.154144984569181102e-04 9.999696340429397035e-01 7.790031362137624787e-03 -3.974579133074380988e-02 1.499419805156436414e-03 -7.789699798894917857e-03 9.999685356636432987e-01 -3.790909239387017515e-01
9.999988428813408881e-01 2.358781174567521903e-04 -1.502863098553273947e-03 -5.112567384356979557e-03 -2.241819110188000039e-04 9.999697254833797011e-01 7.778036973753529523e-03 -3.869694866103671332e-02 1.504652268818296819e-03 -7.777691058920382233e-03 9.999686212793589268e-01 -3.787763205625847007e-01
9.999988223902599449e-01 2.397431649225913424e-04 -1.515830237240697702e-03 -6.331918494374247884e-03 -2.279642407967914840e-04 9.999698180850878915e-01 7.766012566377178752e-03 -3.857317580848816652e-02 1.517646335012948038e-03 -7.765657865955930689e-03 9.999686951637589694e-01 -3.783976050441913430e-01
9.999988576156126907e-01 2.299615919348099139e-04 -1.493949509090852865e-03 -5.062182730699540945e-03 -2.183642373195518937e-04 9.999698792179524398e-01 7.758413104079413952e-03 -3.973776790861718866e-02 1.495688647191601318e-03 -7.758078015844266720e-03 9.999687870833622316e-01 -3.779250087713101891e-01
9.999988445735398246e-01 2.459393042841068948e-04 -1.500121809729736697e-03 -4.699361869961037226e-03 -2.342776211489397853e-04 9.999697930142344982e-01 7.769052263006288005e-03 -3.971626649327662101e-02 1.501987210880094186e-03 -7.768691841468716199e-03 9.999686952407513818e-01 -3.783099884300176186e-01
9.999988183951359355e-01 2.615207120338705615e-04 -1.514864762626141805e-03 -3.426674506596544875e-03 -2.497612095872683673e-04 9.999698771276525067e-01 7.757735278140943415e-03 -3.860202018246140093e-02 1.516847939001983361e-03 -7.757347757107731050e-03 9.999687608761111957e-01 -3.780865765460850736e-01
9.999988277785222257e-01 2.440900411851121266e-04 -1.511575877462089127e-03 -3.591347583924248740e-03 -2.323167574330291826e-04 9.999696769800460183e-01 7.784031689723327346e-03 -3.938539923298219753e-02 1.513430046532325589e-03 -7.783671400707729837e-03 9.999685615003204298e-01 -3.783910944048736180e-01
9.999988572919008556e-01 2.567300158872353648e-04 -1.489800185104024231e-03 -4.659845331356937681e-03 -2.451226574759653425e-04 9.999696572174284759e-01 7.786177453759970599e-03 -4.052188535576983081e-02 1.491753925882337338e-03 -7.785803372651452225e-03 9.999685774743459765e-01 -3.785509447915468839e-01
9.999988472085060698e-01 2.409571546951511426e-04 -1.499173541804492242e-03 -4.424164642143258233e-03 -2.292631896281651705e-04 9.999695878578768182e-01 7.795562695389893909e-03 -3.976437004767117978e-02 1.501006345332000450e-03 -7.795210003423529155e-03 9.999684903440476669e-01 -3.788308714594028626e-01
9.999988321552348847e-01 2.316107587911989953e-04 -1.510643777568868116e-03 -5.404147739092111068e-03 -2.198338055664425257e-04 9.999696216750206812e-01 7.791495377261203892e-03 -3.991575455173715370e-02 1.512402480897710906e-03 -7.791154187433637843e-03 9.999685047816072592e-01 -3.790761564370828118e-01
9.999988610408703238e-01 2.402199116684047614e-04 -1.490037367393052224e-03 -4.429334804958783706e-03 -2.286293089739440006e-04 9.999697556221890382e-01 7.774031742841320397e-03 -3.828257018769928854e-02 1.491859779358532898e-03 -7.773682222323240187e-03 9.999686716188187496e-01 -3.786790469130105752e-01
9.999988744604297874e-01 2.193758516298376744e-04 -1.484234519641696717e-03 -3.887509914813970166e-03 -2.078346526874996444e-04 9.999697794487945046e-01 7.771550288488644764e-03 -3.993275329519942185e-02 1.485894555719416204e-03 -7.771233065935375869e-03 9.999686995371426246e-01 -3.773773444389496579e-01
9.999988347326256299e-01 2.455833772437626054e-04 -1.506725653778999462e-03 -5.120877345426603361e-03 -2.338524836472254554e-04 9.999697007705936613e-01 7.780928851060009248e-03 -3.978819770661880251e-02 1.508590867938099838e-03 -7.780567432661165093e-03 9.999685929688086894e-01 -3.777621760837778786e-01
9.999988592193057579e-01 2.449899164909825336e-04 -1.490483152511550610e-03 -5.691048925169988996e-03 -2.334253009408509562e-04 9.999699084674107397e-01 7.754203524996072967e-03 -3.799288616511146272e-02 1.492338003263235773e-03 -7.753846762671969851e-03 9.999688249078892976e-01 -3.775475336818021055e-01
9.999988416796024016e-01 2.493306520258694128e-04 -1.501490485955055782e-03 -5.605194189468124324e-03 -2.376263629852181140e-04 9.999696272811973152e-01 7.790253449985439123e-03 -4.020885158238618473e-02 1.503387230578872745e-03 -7.789887632652731965e-03 9.999685282435170075e-01 -3.790194292625178041e-01
9.999988377829441832e-01 2.512016532469034521e-04 -1.503772087214996517e-03 -3.773343915052899955e-03 -2.395096773589778540e-04 9.999697825794525707e-01 7.770235718232683733e-03 -4.024025986906985125e-02 1.505678543159967835e-03 -7.769866519564773422e-03 9.999686805627427955e-01 -3.785546744096453531e-01
9.999988483615991353e-01 2.320350943292444313e-04 -1.499811718358822063e-03 -9.545701648163980139e-04 -2.203756498916839828e-04 9.999697932033568826e-01 7.769434690418353107e-03 -3.916949921729102196e-02 1.501569195362518821e-03 -7.769095220856862480e-03 9.999686927346279619e-01 -3.786344296691698252e-01
9.999988378193630512e-01 2.475776251341983312e-04 -1.504348776991143053e-03 -5.496764495560108044e-03 -2.358785840775848481e-04 9.999697695657829843e-01 7.772021348939612065e-03 -4.005507777614759901e-02 1.506227478462463616e-03 -7.771657472787414644e-03 9.999686658185389376e-01 -3.783846715269654770e-01
9.999988229265186490e-01 2.319828001999643576e-04 -1.516683736826295514e-03 -3.003453538213313005e-03 -2.201623242818000995e-04 9.999696397980630813e-01 7.789159818815147990e-03 -3.855050798392139350e-02 1.518444641107744670e-03 -7.788816733784982918e-03 9.999685138341903867e-01 -3.789100939471432006e-01
9.999988407965341164e-01 2.334970325471827672e-04 -1.504621123012238673e-03 -4.948634081277627356e-03 -2.217472835866690704e-04 9.999695194589955927e-01 7.804548743373519552e-03 -3.900119842511650531e-02 1.506397600318350183e-03 -7.804206050666712309e-03 9.999684120681955335e-01 -3.780658531148299306e-01
9.999988317778156777e-01 2.263857062085141748e-04 -1.511685323041627761e-03 -5.322016639677415797e-03 -2.145914831566874618e-04 9.999695748764203529e-01 7.797645283445823854e-03 -3.871496402718540425e-02 1.513404605263117281e-03 -7.797311779268080965e-03 9.999684552702238216e-01 -3.791332054313061861e-01
9.999988620306070608e-01 2.216038589698310400e-04 -1.492256419162609534e-03 -5.371255537873138516e-03 -2.099900958713857681e-04 9.999697261266731196e-01 7.778350358918548375e-03 -3.933311982985066013e-02 1.493934955236760065e-03 -7.778028148325388628e-03 9.999686347263464503e-01 -3.783531343917936884e-01
9.999988361523493019e-01 2.290771031910704371e-04 -1.508382454056870180e-03 -3.776962967760159797e-03 -2.173135715606172602e-04 9.999696001867441897e-01 7.794323394285157178e-03 -3.959509636275965888e-02 1.510122100536445515e-03 -7.793986530901814841e-03 9.999684861560376170e-01 -3.786678267112931207e-01
9.999988255521937708e-01 2.651202795882980252e-04 -1.509505041527016162e-03 -4.862725545324052441e-03 -2.533987543688717876e-04 9.999698582674840797e-01 7.760048039744033010e-03 -3.836510374342141233e-02 1.511516888535738550e-03 -7.759656419275401049e-03 9.999687510362263998e-01 -3.792991971148053643e-01
9.999988488086637428e-01 2.326376656575993018e-04 -1.499420242571583052e-03 -4.401079456534188507e-03 -2.209327031107520393e-04 9.999695413271935118e-01 7.801769454610904542e-03 -3.959778569432805678e-02 1.501189557654934812e-03 -7.801429202314210873e-03 9.999684415681893146e-01 -3.783736226587293694e-01
9.999988277936027181e-01 2.454469781209094297e-04 -1.511346155425693149e-03 -5.070534248545997824e-03 -2.337394354681287937e-04 9.999700049360014109e-01 7.741743613017340597e-03 -3.770632838600571080e-02 1.513201010076239148e-03 -7.741381276898785455e-03 9.999688901354025772e-01 -3.780707061880666520e-01
9.999988438504372468e-01 2.541593500886504017e-04 -1.499233408666779442e-03 -5.593039293753385502e-03 -2.424913094035101161e-04 9.999697236331235306e-01 7.777725571098823704e-03 -3.782570714797312689e-02 1.501164799002383714e-03 -7.777353027812435385e-03 9.999686291499984003e-01 -3.787424556576517998e-01
9.999988431855525439e-01 2.334405395885234000e-04 -1.503041273960209869e-03 -5.076656918807737930e-03 -2.217301414781402990e-04 9.999696594359469559e-01 7.786593818900080198e-03 -3.884058895343764362e-02 1.504813377502803784e-03 -7.786251541701530964e-03 9.999685544174017338e-01 -3.790074452693692475e-01
9.999988478340016140e-01 2.232017085298783701e-04 -1.501503135730025045e-03 -5.825792917518915655e-03 -2.115303093780627217e-04 9.999697999174460561e-01 7.768816382891209626e-03 -3.873755842506833302e-02 1.503191803301287327e-03 -7.768489818502291935e-03 9.999686950001696051e-01 -3.784214252761315400e-01
9.999988289424083243e-01 2.364467733285380529e-04 -1.512020745697614538e-03 -5.433664009537816225e-03 -2.247198919506829783e-04 9.999699334391956018e-01 7.751239809276490485e-03 -3.861630167788125678e-02 1.513808040076125745e-03 -7.750890950989666218e-03 9.999688155511069487e-01 -3.784207870326801726e-01
9.999988308727079112e-01 2.356298878400071644e-04 -1.510871196757318990e-03 -4.388730933323548196e-03 -2.239009845009760707e-04 9.999698774572108873e-01 7.758482233007175759e-03 -3.889942800435650105e-02 1.512653815773417872e-03 -7.758134876805444953e-03 9.999687611228997852e-01 -3.782408802127721903e-01
9.999988396704286853e-01 2.228250332285244058e-04 -1.506985998903027967e-03 -4.554695493848098797e-03 -2.111248479370903951e-04 9.999698710059820028e-01 7.759671808667956486e-03 -3.927331326520475813e-02 1.508669644059490661e-03 -7.759344642701431621e-03 9.999687577552714979e-01 -3.785483712509953302e-01
9.999988259405194757e-01 2.524672488947775437e-04 -1.511415849731623934e-03 -4.885612420580447320e-03 -2.406898711163394213e-04 9.999696487851031934e-01 7.787398601799423725e-03 -3.993155360099377715e-02 1.513336039525413432e-03 -7.787025676444191830e-03 9.999685355275663712e-01 -3.784481049306115952e-01
9.999988224033594664e-01 2.368623701647602905e-04 -1.516274418445353418e-03 -3.961496578187119824e-03 -2.250763779017603923e-04 9.999697997962642138e-01 7.768451328505079911e-03 -3.766606575260101480e-02 1.518068680443176435e-03 -7.768100902848884201e-03 9.999686755473116140e-01 -3.786082912542405587e-01
9.999988247375702910e-01 2.619537378218064630e-04 -1.510597139340945708e-03 -4.838666701738811304e-03 -2.502214733964494434e-04 9.999698469762389186e-01 7.761605989197288731e-03 -3.836202578278211095e-02 1.512584771969879924e-03 -7.761218883431461081e-03 9.999687372956972409e-01 -3.782109485586424014e-01
9.999988292987568306e-01 2.370455347403733646e-04 -1.511691281423018472e-03 -4.929782042377996686e-03 -2.253082693164100122e-04 9.999698670992409610e-01 7.759776395626469432e-03 -3.817946483768078908e-02 1.513485150124824208e-03 -7.759426714700237183e-03 9.999687498415935627e-01 -3.784779080985460342e-01
9.999988344266885765e-01 2.392838775360205399e-04 -1.507941805977094365e-03 -5.058624257602592315e-03 -2.275013738566837996e-04 9.999694836783957763e-01 7.808966326439047319e-03 -4.047819964161155498e-02 1.509764348882121137e-03 -7.808614165683752488e-03 9.999683725780642574e-01 -3.795262735912830476e-01
9.999988102628272202e-01 2.628195976317504218e-04 -1.519999601672207892e-03 -4.144070474532380102e-03 -2.509733504469005409e-04 9.999696374280404587e-01 7.788532237248460381e-03 -3.942342322619503403e-02 1.522000429483659056e-03 -7.788141491549427191e-03 9.999685136877062286e-01 -3.792811451073370144e-01
9.999988289690310284e-01 2.557956773541702707e-04 -1.508850270299403251e-03 -3.146012753517276900e-03 -2.440758178489975470e-04 9.999698416547573299e-01 7.762487227338256933e-03 -3.720096847552754882e-02 1.510790376550302143e-03 -7.762109863361582422e-03 9.999687330926438911e-01 -3.787448302112013110e-01
9.999988311796825791e-01 2.426526706635092050e-04 -1.509555878411329016e-03 -4.181240165952416002e-03 -2.309440628460690233e-04 9.999699286769003770e-01 7.751671223331816490e-03 -3.735717060120955640e-02 1.511391447793219121e-03 -7.751313540053343318e-03 9.999688159309245705e-01 -3.788215299471872077e-01
