1.000000000000000000e+00,0.000000000000000000e+00,0.000000000000000000e+00,0.000000000000000000e+00,0.000000000000000000e+00,1.000000000000000000e+00,0.000000000000000000e+00,0.000000000000000000e+00,0.000000000000000000e+00,0.000000000000000000e+00,1.000000000000000000e+00,0.000000000000000000e+00,0.000000000000000000e+00,0.000000000000000000e+00,0.000000000000000000e+00,1.000000000000000000e+00
9.186678528785705566e-01,3.945227265357971191e-01,-2.004238963127136230e-02,-6.750301361083984375e+01,3.351719081401824951e-01,-8.053096532821655273e-01,-4.890150725841522217e-01,3.630845069885253906e+00,-2.090680450201034546e-01,4.425242543220520020e-01,-8.720452189445495605e-01,-3.759533882141113281e+00,0.000000000000000000e+00,0.000000000000000000e+00,0.000000000000000000e+00,1.000000000000000000e+00
9.992509816122682187e-01,2.527582067991608616e-02,2.930282428044750365e-02,-1.435523942753733309e+02,3.635217325404072053e-02,-8.727206408197915044e-01,-4.868641353042422182e-01,8.169087385284569791e+00,1.326696190052145674e-02,4.875643313895573483e-01,-8.729862610340364260e-01,-6.905068379854355953e+00,0.000000000000000000e+00,0.000000000000000000e+00,0.000000000000000000e+00,1.000000000000000000e+00
9.846589025650444027e-01,-2.423266504422309786e-02,1.727968509913538342e-01,-2.067788689600108114e+02,6.097811716177248265e-02,-8.800777522974542189e-01,-4.708977501065698679e-01,2.364487385982511292e+00,1.634855509254995454e-01,4.742103615392898042e-01,-8.650996496435662264e-01,-4.420181302035126159e+00,0.000000000000000000e+00,0.000000000000000000e+00,0.000000000000000000e+00,1.000000000000000000e+00
9.846589025650444027e-01,-2.423266504422309786e-02,1.727968509913538342e-01,-1.284042444074276546e+02,6.097811716177248265e-02,-8.800777522974542189e-01,-4.708977501065698679e-01,9.571226120822672101e+00,1.634855509254995454e-01,4.742103615392898042e-01,-8.650996496435662264e-01,5.411484882479837388e+00,0.000000000000000000e+00,0.000000000000000000e+00,0.000000000000000000e+00,1.000000000000000000e+00
2.785615939490375653e-03,-9.424308148493881765e-01,3.343872822269233769e-01,-1.936005811173198481e+02,-8.704510929832772748e-01,-1.668872700488925054e-01,-4.631019354016977507e-01,-1.383156956426592643e+00,4.922465433590261230e-01,-2.897776298994192423e-01,-8.208061206730566939e-01,-9.665493376382165991e-01,0.000000000000000000e+00,0.000000000000000000e+00,0.000000000000000000e+00,1.000000000000000000e+00
6.353740068414005515e-01,2.640980502050528367e-01,-7.256377626755434740e-01,-1.683967240261708298e+02,-6.051732045553049888e-01,-4.133901318043269879e-01,-6.803483695223908612e-01,6.308883473858111302e+01,-4.796512363811428203e-01,8.714127774536507554e-01,-1.028325547091856751e-01,-2.899630193781840148e+01,0.000000000000000000e+00,0.000000000000000000e+00,0.000000000000000000e+00,1.000000000000000000e+00
5.674297240291881206e-01,-8.230881407774933711e-01,2.340203252342046986e-02,-2.164212431016440519e+02,-8.196456287042884759e-01,-5.673186335615151288e-01,-7.956194177997906458e-02,1.140603979497235088e+02,7.876208867108951128e-02,2.596433967689522337e-02,-9.965551740532314628e-01,-6.626726868596229281e+00,0.000000000000000000e+00,0.000000000000000000e+00,0.000000000000000000e+00,1.000000000000000000e+00
5.674297240291881206e-01,-8.230881407774933711e-01,2.340203252342046986e-02,-1.823672926031113377e+02,-8.196456287042884759e-01,-5.673186335615151288e-01,-7.956194177997906458e-02,4.443611006004591957e+01,7.876208867108951128e-02,2.596433967689522337e-02,-9.965551740532314628e-01,-1.452923140753208386e+00,0.000000000000000000e+00,0.000000000000000000e+00,0.000000000000000000e+00,1.000000000000000000e+00
5.674297240291881206e-01,-8.230881407774933711e-01,2.340203252342046986e-02,-1.476537430590562678e+02,-8.196456287042884759e-01,-5.673186335615151288e-01,-7.956194177997906458e-02,-1.644897945009399365e+01,7.876208867108951128e-02,2.596433967689522337e-02,-9.965551740532314628e-01,4.652152133296508119e+00,0.000000000000000000e+00,0.000000000000000000e+00,0.000000000000000000e+00,1.000000000000000000e+00
9.215727508180235894e-01,3.593963713778533520e-01,-1.467508861351440597e-01,-1.050319236721878724e+02,3.161042997912696384e-01,-9.141660070652699588e-01,-2.537286952106818094e-01,-6.754767824229071493e+01,-2.253442192955557311e-01,1.874402469964046580e-01,-9.560784883465345274e-01,6.955076170599093111e+00,0.000000000000000000e+00,0.000000000000000000e+00,0.000000000000000000e+00,1.000000000000000000e+00
-8.009905626879623153e-01,-5.282057637286189378e-01,2.818009754738653450e-01,-4.023534565244460737e+01,5.970876035958344596e-01,-6.705577136216533951e-01,4.402712776561979457e-01,-5.047658444909758657e+01,-4.358917765183645265e-02,5.209130429803106033e-01,8.524962167225829113e-01,-5.877240343905081765e+00,0.000000000000000000e+00,0.000000000000000000e+00,0.000000000000000000e+00,1.000000000000000000e+00
-8.009905626879623153e-01,-5.282057637286189378e-01,2.818009754738653450e-01,3.251177721792358000e+01,5.970876035958344596e-01,-6.705577136216533951e-01,4.402712776561979457e-01,-6.590507816321546386e+01,-4.358917765183645265e-02,5.209130429803106033e-01,8.524962167225829113e-01,-1.745884054276541519e+01,0.000000000000000000e+00,0.000000000000000000e+00,0.000000000000000000e+00,1.000000000000000000e+00
6.874745309616852040e-01,4.881420622543921617e-01,-5.376756099874527850e-01,-2.541873709748389842e+01,3.768212549561896219e-01,-8.726968771755224674e-01,-3.104941670974563084e-01,-2.995464832826006329e+01,-6.207936443683619299e-01,1.084849961619687060e-02,-7.838993611198890044e-01,-1.888128337140348734e+01,0.000000000000000000e+00,0.000000000000000000e+00,0.000000000000000000e+00,1.000000000000000000e+00
-3.868946611304533989e-01,-7.807912224575664917e-01,-4.905873794123027931e-01,-7.207550475453898287e+01,-6.960642521090461277e-02,-5.057737472196861539e-01,8.598539165422841579e-01,-3.560234472247270077e+01,-9.194928848694441381e-01,3.668221143026947351e-01,1.413340016857537185e-01,1.643542942981303767e+01,0.000000000000000000e+00,0.000000000000000000e+00,0.000000000000000000e+00,1.000000000000000000e+00
9.903521223994491418e-01,-8.158819775750995873e-02,-1.120019104828111067e-01,-4.984183168189503021e+01,1.207409422789622044e-01,1.114903985280365356e-01,9.864037591485358414e-01,-1.354730460800916703e+01,-6.799295699913461555e-02,-9.904110430915603613e-01,1.202662217366337882e-01,-2.843357683897102461e+01,0.000000000000000000e+00,0.000000000000000000e+00,0.000000000000000000e+00,1.000000000000000000e+00
8.609074266306739887e-01,-4.411370547035830536e-01,-2.534472963391129485e-01,-1.162572851338327382e+02,-4.587828708193747995e-01,-8.884684532442480576e-01,-1.197054926049000503e-02,-2.314809358615169899e+01,-2.199004428343664663e-01,1.265833519234449422e-01,-9.672754376299087520e-01,2.055393430189674575e+00,0.000000000000000000e+00,0.000000000000000000e+00,0.000000000000000000e+00,1.000000000000000000e+00
-3.972281330893926432e-01,-6.303472870666891881e-01,6.669865420902865161e-01,-1.561733353428074906e+02,8.120606442426763216e-01,-5.799979419283282089e-01,-6.450699861919433065e-02,3.791817142298488363e+01,4.275129586937442272e-01,5.160107292607812868e-01,7.422713881773316258e-01,1.345277075143993173e+01,0.000000000000000000e+00,0.000000000000000000e+00,0.000000000000000000e+00,1.000000000000000000e+00
-3.972281330893926432e-01,-6.303472870666891881e-01,6.669865420902865161e-01,-1.942289854813810450e+02,8.120606442426763216e-01,-5.799979419283282089e-01,-6.450699861919433065e-02,9.459261278740800094e+01,4.275129586937442272e-01,5.160107292607812868e-01,7.422713881773316258e-01,5.413858824314985441e+01,0.000000000000000000e+00,0.000000000000000000e+00,0.000000000000000000e+00,1.000000000000000000e+00
-3.972281330893926432e-01,-6.303472870666891881e-01,6.669865420902865161e-01,-1.547109160928779374e+02,8.120606442426763216e-01,-5.799979419283282089e-01,-6.450699861919433065e-02,4.134097916249768900e+01,4.275129586937442272e-01,5.160107292607812868e-01,7.422713881773316258e-01,1.497617287679195641e+01,0.000000000000000000e+00,0.000000000000000000e+00,0.000000000000000000e+00,1.000000000000000000e+00
-3.972281330893926432e-01,-6.303472870666891881e-01,6.669865420902865161e-01,-1.923474991595070946e+02,8.120606442426763216e-01,-5.799979419283282089e-01,-6.450699861919433065e-02,9.743645263960641500e+01,4.275129586937442272e-01,5.160107292607812868e-01,7.422713881773316258e-01,5.469228032982782395e+01,0.000000000000000000e+00,0.000000000000000000e+00,0.000000000000000000e+00,1.000000000000000000e+00
-3.972281330893926432e-01,-6.303472870666891881e-01,6.669865420902865161e-01,-1.453620431281761114e+02,8.120606442426763216e-01,-5.799979419283282089e-01,-6.450699861919433065e-02,5.500336880267219186e+01,4.275129586937442272e-01,5.160107292607812868e-01,7.422713881773316258e-01,1.169161989661197509e+01,0.000000000000000000e+00,0.000000000000000000e+00,0.000000000000000000e+00,1.000000000000000000e+00
6.240759786833480760e-01,-2.239852948522531584e-01,-7.485710266336104146e-01,-1.095508687489397630e+02,-2.274280133622769151e-01,8.644810321946931886e-01,-4.482743559011451717e-01,1.847507523201149127e+01,7.475323784454707132e-01,4.500034901831993506e-01,4.885626812243309414e-01,-2.061301671673624725e+01,0.000000000000000000e+00,0.000000000000000000e+00,0.000000000000000000e+00,1.000000000000000000e+00
6.240759786833480760e-01,-2.239852948522531584e-01,-7.485710266336104146e-01,-5.996409902456278473e+01,-2.274280133622769151e-01,8.644810321946931886e-01,-4.482743559011451717e-01,-3.103310199975076955e+00,7.475323784454707132e-01,4.500034901831993506e-01,4.885626812243309414e-01,3.695629693530536031e+01,0.000000000000000000e+00,0.000000000000000000e+00,0.000000000000000000e+00,1.000000000000000000e+00
6.240759786833480760e-01,-2.239852948522531584e-01,-7.485710266336104146e-01,-1.507015404086603638e+01,-2.274280133622769151e-01,8.644810321946931886e-01,-4.482743559011451717e-01,-1.684759902739443049e+01,7.475323784454707132e-01,4.500034901831993506e-01,4.885626812243309414e-01,9.829941929876507345e+01,0.000000000000000000e+00,0.000000000000000000e+00,0.000000000000000000e+00,1.000000000000000000e+00
6.240759786833480760e-01,-2.239852948522531584e-01,-7.485710266336104146e-01,3.209787865258439155e+01,-2.274280133622769151e-01,8.644810321946931886e-01,-4.482743559011451717e-01,-4.257220273768136565e+01,7.475323784454707132e-01,4.500034901831993506e-01,4.885626812243309414e-01,1.540432149315691959e+02,0.000000000000000000e+00,0.000000000000000000e+00,0.000000000000000000e+00,1.000000000000000000e+00
-4.722787637588710674e-01,-3.436707834251903071e-01,8.116908600799703777e-01,7.804230584009505378e+01,8.692091810507816818e-02,8.982130957985615671e-01,4.308813520654040663e-01,-6.375912516679487396e+01,-8.771528122914012959e-01,2.740491844356117701e-01,-3.943362921271889587e-01,2.049753085307073945e+02,0.000000000000000000e+00,0.000000000000000000e+00,0.000000000000000000e+00,1.000000000000000000e+00
-4.722787637588710674e-01,-3.436707834251903071e-01,8.116908600799703777e-01,3.883022401276432589e+01,8.692091810507816818e-02,8.982130957985615671e-01,4.308813520654040663e-01,-4.620079891075565115e+01,-8.771528122914012959e-01,2.740491844356117701e-01,-3.943362921271889587e-01,1.369494731706061259e+02,0.000000000000000000e+00,0.000000000000000000e+00,0.000000000000000000e+00,1.000000000000000000e+00
-3.807004264521127168e-01,-4.111264438764582474e-01,8.282759707135948224e-01,2.440652486592910009e+00,-4.188796300266685591e-01,8.752273837938076007e-01,2.419041804280234187e-01,-2.719285262971691353e+01,-8.243828878050457609e-01,-2.548549832435327844e-01,-5.054135106478373496e-01,7.488198012135231352e+01,0.000000000000000000e+00,0.000000000000000000e+00,0.000000000000000000e+00,1.000000000000000000e+00
-3.807004264521127168e-01,-4.111264438764582474e-01,8.282759707135948224e-01,3.701999232980290344e+01,-4.188796300266685591e-01,8.752273837938076007e-01,2.419041804280234187e-01,-1.294652971844866940e+01,-8.243828878050457609e-01,-2.548549832435327844e-01,-5.054135106478373496e-01,1.403324700091331465e+02,0.000000000000000000e+00,0.000000000000000000e+00,0.000000000000000000e+00,1.000000000000000000e+00
4.850472756979103406e-01,-2.662878746572179267e-01,8.329577736023783263e-01,8.211334418389608203e+00,-8.614904646861738513e-01,-3.091130836787894798e-01,4.028445423220037847e-01,-3.023119125365527182e+01,1.502056105660275476e-01,-9.129840334175564065e-01,-3.793406440151732006e-01,7.767537495695668781e+01,0.000000000000000000e+00,0.000000000000000000e+00,0.000000000000000000e+00,1.000000000000000000e+00
4.850472756979103406e-01,-2.662878746572179267e-01,8.329577736023783263e-01,4.226232091800335411e+01,-8.614904646861738513e-01,-3.091130836787894798e-01,4.028445423220037847e-01,-9.663263818827661567e+01,1.502056105660275476e-01,-9.129840334175564065e-01,-3.793406440151732006e-01,7.808805371535699180e+01,0.000000000000000000e+00,0.000000000000000000e+00,0.000000000000000000e+00,1.000000000000000000e+00
-9.833089855566696791e-01,1.543904159009631127e-01,-9.625433901655523761e-02,2.761435968231429783e+01,-1.068428380461513699e-01,-9.182287665247865771e-01,-3.813668875725115259e-01,-5.681910598044705552e+01,-1.472618870237431543e-01,-3.647175657145788064e-01,9.193998040892960022e-01,8.606204624839278949e+01,0.000000000000000000e+00,0.000000000000000000e+00,0.000000000000000000e+00,1.000000000000000000e+00
-9.197769096957646440e-01,-3.065879500986063988e-01,-2.449746046883198025e-01,9.935016254357776688e+01,3.483528347522453217e-01,-9.252987213198060612e-01,-1.499062988354457338e-01,-6.355267422258445720e+01,-1.807148254454591929e-01,-2.232171789217922697e-01,9.578711822273385801e-01,9.086933501479130371e+01,0.000000000000000000e+00,0.000000000000000000e+00,0.000000000000000000e+00,1.000000000000000000e+00
-9.197769096957646440e-01,-3.065879500986063988e-01,-2.449746046883198025e-01,1.056026622423182459e+02,3.483528347522453217e-01,-9.252987213198060612e-01,-1.499062988354457338e-01,-1.383773636637155846e+02,-1.807148254454591929e-01,-2.232171789217922697e-01,9.578711822273385801e-01,8.423151113769195319e+01,0.000000000000000000e+00,0.000000000000000000e+00,0.000000000000000000e+00,1.000000000000000000e+00
9.740263802490122247e-01,2.142677211439396878e-01,7.320859111963233523e-02,1.760193173491641687e+02,1.859503926336397162e-01,-9.414180276262702485e-01,2.813422282786405826e-01,-1.640941703967906449e+02,1.292014014820136170e-01,-2.604215142102236924e-01,-9.568116060637189557e-01,9.460914227453741887e+01,0.000000000000000000e+00,0.000000000000000000e+00,0.000000000000000000e+00,1.000000000000000000e+00
9.740263802490122247e-01,2.142677211439396878e-01,7.320859111963233523e-02,2.558997681865550931e+02,1.859503926336397162e-01,-9.414180276262702485e-01,2.813422282786405826e-01,-1.593502883548927969e+02,1.292014014820136170e-01,-2.604215142102236924e-01,-9.568116060637189557e-01,9.952168904522987702e+01,0.000000000000000000e+00,0.000000000000000000e+00,0.000000000000000000e+00,1.000000000000000000e+00
9.740263802490122247e-01,2.142677211439396878e-01,7.320859111963233523e-02,3.286370532486074012e+02,1.859503926336397162e-01,-9.414180276262702485e-01,2.813422282786405826e-01,-1.505300087007015577e+02,1.292014014820136170e-01,-2.604215142102236924e-01,-9.568116060637189557e-01,1.037932472207082384e+02,0.000000000000000000e+00,0.000000000000000000e+00,0.000000000000000000e+00,1.000000000000000000e+00
9.740263802490122247e-01,2.142677211439396878e-01,7.320859111963233523e-02,4.049100679393066002e+02,1.859503926336397162e-01,-9.414180276262702485e-01,2.813422282786405826e-01,-1.459995072872308697e+02,1.292014014820136170e-01,-2.604215142102236924e-01,-9.568116060637189557e-01,1.074480545369303570e+02,0.000000000000000000e+00,0.000000000000000000e+00,0.000000000000000000e+00,1.000000000000000000e+00
-6.164609023231897300e-01,5.001209543998179630e-01,-6.081544860742655878e-01,4.776315037329582083e+02,-7.662264280803232630e-01,-2.031817764291481976e-01,6.096007765434254821e-01,-1.431986651452857870e+02,1.813103316417450650e-01,8.417803580274307862e-01,5.084610187265807824e-01,1.140388209740830661e+02,0.000000000000000000e+00,0.000000000000000000e+00,0.000000000000000000e+00,1.000000000000000000e+00
-6.164609023231897300e-01,5.001209543998179630e-01,-6.081544860742655878e-01,5.349019281602313640e+02,-7.662264280803232630e-01,-2.031817764291481976e-01,6.096007765434254821e-01,-1.172351900109996166e+02,1.813103316417450650e-01,8.417803580274307862e-01,5.084610187265807824e-01,1.544029688326127143e+02,0.000000000000000000e+00,0.000000000000000000e+00,0.000000000000000000e+00,1.000000000000000000e+00
-8.497983005599883954e-01,1.766826501612694111e-01,-4.966120101319120295e-01,4.898011809030302857e+02,-5.232686335304813641e-01,-3.962789296379831128e-01,7.544217706749536401e-01,-1.768565463092314189e+02,-6.350170535851100417e-02,9.009694370522204343e-01,4.292104872766360213e-01,1.787674015418591011e+02,0.000000000000000000e+00,0.000000000000000000e+00,0.000000000000000000e+00,1.000000000000000000e+00
7.051423479431523367e-01,-8.925359390375220414e-02,-7.034238546710573914e-01,4.251093185980202520e+02,7.090201779705389562e-01,1.000039174987222557e-01,6.980607419676857495e-01,-2.159354377273367049e+02,8.039121500907147125e-03,-9.909758424859052006e-01,1.338003791382008922e-01,1.728303286804418804e+02,0.000000000000000000e+00,0.000000000000000000e+00,0.000000000000000000e+00,1.000000000000000000e+00
-2.751504567932610557e-01,6.767611834810913773e-01,6.828494695613173127e-01,4.757154595543155438e+02,-1.489149208456814200e-01,6.716938161136534191e-01,-7.257071472143580282e-01,-1.615736075343372704e+02,-9.497972648768282511e-01,-3.013674666275129588e-01,-8.403771867420409269e-02,1.625019769750608702e+02,0.000000000000000000e+00,0.000000000000000000e+00,0.000000000000000000e+00,1.000000000000000000e+00
3.652433912239582692e-01,2.483175400887847606e-01,-8.971801495344130517e-01,4.950354677554555565e+02,-8.014083058821827033e-01,-4.064873928011092930e-01,-4.387617429131736579e-01,-1.551367264727360862e+02,-4.736456342813942788e-01,8.792638337964027162e-01,5.053893579880518877e-02,2.345826047437829516e+02,0.000000000000000000e+00,0.000000000000000000e+00,0.000000000000000000e+00,1.000000000000000000e+00
-6.647943843393824270e-01,3.275872047085319760e-01,6.713655414905630447e-01,5.255333072237285705e+02,-4.991168281242515103e-01,-8.634611883533303001e-01,-7.291035310926831381e-02,-2.207464545772622841e+02,5.558164222050000491e-01,-3.835604583905695697e-01,7.375288227246912243e-01,2.096812845699176364e+02,0.000000000000000000e+00,0.000000000000000000e+00,0.000000000000000000e+00,1.000000000000000000e+00
-5.649743518725675040e-01,3.974501535192839219e-01,7.230727272824870600e-01,5.717183700140968767e+02,-4.650710613557371698e-01,-8.772624175547201197e-01,1.188216944879054715e-01,-1.993577006488413303e+02,6.815532685529815948e-01,-2.691490384328186769e-01,6.804729584587164704e-01,1.681855861421456950e+02,0.000000000000000000e+00,0.000000000000000000e+00,0.000000000000000000e+00,1.000000000000000000e+00
-6.104933290357876796e-01,-5.991955145005114503e-01,-5.179379937707758730e-01,5.499887709902779989e+02,-2.693119323095785611e-01,-4.579336736508170524e-01,8.472113043028263180e-01,-2.355425183284311004e+02,-7.448257135376243898e-01,6.567067291195698431e-01,1.181948969119673287e-01,1.991559966812290270e+02,0.000000000000000000e+00,0.000000000000000000e+00,0.000000000000000000e+00,1.000000000000000000e+00
3.221663737289517937e-01,-6.268027695833990887e-01,-7.094535642621553340e-01,4.953291826323178952e+02,8.403024260507490073e-01,-1.558124588362886642e-01,5.192430224319953824e-01,-2.608840520273533912e+02,-4.360072026465429129e-01,-7.634377213095151493e-01,4.765077825958276558e-01,1.501052821766924126e+02,0.000000000000000000e+00,0.000000000000000000e+00,0.000000000000000000e+00,1.000000000000000000e+00
1.415135280922449057e-01,-9.553983603025486548e-01,-2.592015551844585319e-01,5.235492523945854373e+02,7.803154341471719713e-01,2.687773878857275811e-01,-5.646815487869154548e-01,-1.954334882354646652e+02,6.091625550686589063e-01,-1.223471387499640156e-01,7.835504655809355512e-01,1.222201920560126922e+02,0.000000000000000000e+00,0.000000000000000000e+00,0.000000000000000000e+00,1.000000000000000000e+00
1.415135280922449057e-01,-9.553983603025486548e-01,-2.592015551844585319e-01,5.022439749621316878e+02,7.803154341471719713e-01,2.687773878857275811e-01,-5.646815487869154548e-01,-2.511933276835325728e+02,6.091625550686589063e-01,-1.223471387499640156e-01,7.835504655809355512e-01,7.461776467770575039e+01,0.000000000000000000e+00,0.000000000000000000e+00,0.000000000000000000e+00,1.000000000000000000e+00
1.415135280922449057e-01,-9.553983603025486548e-01,-2.592015551844585319e-01,4.745918238075861382e+02,7.803154341471719713e-01,2.687773878857275811e-01,-5.646815487869154548e-01,-3.048429201402616400e+02,6.091625550686589063e-01,-1.223471387499640156e-01,7.835504655809355512e-01,2.584684875440900242e+01,0.000000000000000000e+00,0.000000000000000000e+00,0.000000000000000000e+00,1.000000000000000000e+00
-1.245823159672917319e-01,-8.936084795582844853e-01,4.312083148399603605e-01,4.496743178990325305e+02,-4.822400332452749794e-01,4.343424937327735047e-01,7.607824213000592417e-01,-3.544165220063529205e+02,-8.671336320208484771e-01,-1.131645458974347013e-01,-4.850485043561317822e-01,-1.997956202769729828e+01,0.000000000000000000e+00,0.000000000000000000e+00,0.000000000000000000e+00,1.000000000000000000e+00
-1.245823159672917319e-01,-8.936084795582844853e-01,4.312083148399603605e-01,4.335065281834968687e+02,-4.822400332452749794e-01,4.343424937327735047e-01,7.607824213000592417e-01,-3.832002458976826347e+02,-8.671336320208484771e-01,-1.131645458974347013e-01,-4.850485043561317822e-01,-8.735501283409040241e+01,0.000000000000000000e+00,0.000000000000000000e+00,0.000000000000000000e+00,1.000000000000000000e+00
-7.922019441666927619e-01,-4.190299490322634823e-01,-4.436527021873276078e-01,4.266304447013152412e+02,4.967143944980129122e-01,-2.041515522358778451e-02,-8.676733517317251065e-01,-3.597100832557391641e+02,3.545256705019332322e-01,-9.077412352266392981e-01,2.243142545376038965e-01,-5.265523582599090702e+01,0.000000000000000000e+00,0.000000000000000000e+00,0.000000000000000000e+00,1.000000000000000000e+00
-7.922019441666927619e-01,-4.190299490322634823e-01,-4.436527021873276078e-01,3.659350715478554434e+02,4.967143944980129122e-01,-2.041515522358778451e-02,-8.676733517317251065e-01,-3.223071876896359527e+02,3.545256705019332322e-01,-9.077412352266392981e-01,2.243142545376038965e-01,-1.856007502879197091e+01,0.000000000000000000e+00,0.000000000000000000e+00,0.000000000000000000e+00,1.000000000000000000e+00
-7.922019441666927619e-01,-4.190299490322634823e-01,-4.436527021873276078e-01,3.195010888623338587e+02,4.967143944980129122e-01,-2.041515522358778451e-02,-8.676733517317251065e-01,-3.186688605566244519e+02,3.545256705019332322e-01,-9.077412352266392981e-01,2.243142545376038965e-01,-8.069219915803914489e+01,0.000000000000000000e+00,0.000000000000000000e+00,0.000000000000000000e+00,1.000000000000000000e+00
3.060678239438716086e-01,-7.432478221997519396e-01,5.948974354651193064e-01,2.615231374669613729e+02,-8.925077243689899520e-01,-6.567532066108601289e-03,4.509830682880278663e-01,-2.817313858673339837e+02,-3.312849647387164920e-01,-6.689808734505787724e-01,-6.653680281509315453e-01,-4.907335239853399855e+01,0.000000000000000000e+00,0.000000000000000000e+00,0.000000000000000000e+00,1.000000000000000000e+00
3.060678239438716086e-01,-7.432478221997519396e-01,5.948974354651193064e-01,2.284840784362903321e+02,-8.925077243689899520e-01,-6.567532066108601289e-03,4.509830682880278663e-01,-2.140795394295414269e+02,-3.312849647387164920e-01,-6.689808734505787724e-01,-6.653680281509315453e-01,-3.297337994877403133e+01,0.000000000000000000e+00,0.000000000000000000e+00,0.000000000000000000e+00,1.000000000000000000e+00
2.094846154566899765e-01,-8.990962279636511845e-01,3.843706543749946802e-01,2.022691232076700771e+02,9.769735285645110290e-01,1.761813106849115240e-01,-1.203398143070081028e-01,-1.430747335192610592e+02,4.047615429764212652e-02,4.007324436321804684e-01,9.153005459027014901e-01,-9.669226981282061928e+00,0.000000000000000000e+00,0.000000000000000000e+00,0.000000000000000000e+00,1.000000000000000000e+00
-2.298494039031107883e-01,9.642355554647858984e-01,-1.319739682654662294e-01,1.777888173056512073e+02,9.713922726483897874e-01,2.356193644737664961e-01,2.967195117678092520e-02,-2.156718987632749531e+02,5.970565718533683147e-02,-1.213819503958236540e-01,-9.908084975856482624e-01,-8.213523600755884502e+00,0.000000000000000000e+00,0.000000000000000000e+00,0.000000000000000000e+00,1.000000000000000000e+00
7.470873251905999490e-01,7.202830518527254811e-02,-6.608108167028018398e-01,1.654902854630845468e+02,-2.117243405423133162e-01,9.681207327956157238e-01,-1.338466812936558725e-01,-1.414652778223630492e+02,6.301026186264574447e-01,2.399034965892905824e-01,7.385236620218121883e-01,-6.909171739479439189e+00,0.000000000000000000e+00,0.000000000000000000e+00,0.000000000000000000e+00,1.000000000000000000e+00
3.934168141848458089e-01,-5.304179006227051074e-01,7.509186460459928991e-01,1.654739492266534739e+02,8.826658474146341637e-01,4.463772469554642131e-01,-1.471345388219155725e-01,-6.318567694516444533e+01,-2.571532333922446067e-01,7.206974087447651778e-01,6.437926269152777214e-01,3.831683851702783805e+00,0.000000000000000000e+00,0.000000000000000000e+00,0.000000000000000000e+00,1.000000000000000000e+00
3.872123243464981601e-01,7.265228388237848778e-01,-5.676527271443875255e-01,1.332745485911106584e+02,8.973199241124575343e-01,-4.384300305189039459e-01,5.094822424503403502e-02,-1.259401034278606488e+02,-2.118639306540757994e-01,-5.290962760430586442e-01,-8.216885208825008835e-01,2.875445725922561024e+01,0.000000000000000000e+00,0.000000000000000000e+00,0.000000000000000000e+00,1.000000000000000000e+00
8.240343610784989226e-02,-9.871747688163277079e-01,-1.367281461567585177e-01,1.075947181664002414e+02,-9.961300402707043977e-01,-7.738154282852581500e-02,-4.167561896319436215e-02,-1.991394376120588845e+02,3.056223325090935000e-02,1.396366097882546509e-01,-9.897318704157956892e-01,3.848529263687480295e+01,0.000000000000000000e+00,0.000000000000000000e+00,0.000000000000000000e+00,1.000000000000000000e+00
-2.678447166343450592e-01,8.687972687156323426e-01,4.164728809021123745e-01,9.371324198275283379e+01,3.128722020856981867e-02,4.398853333841524216e-01,-8.975086585800037264e-01,-1.225230982401086237e+02,-9.629540162597631792e-01,-2.273664359260584300e-01,-1.450033400422237329e-01,3.629055271968091034e+01,0.000000000000000000e+00,0.000000000000000000e+00,0.000000000000000000e+00,1.000000000000000000e+00
-8.271421828451261393e-02,7.020568753314802013e-01,7.072999992173344408e-01,1.257930382351614469e+02,6.309211980664762853e-01,5.862797498719910516e-01,-5.081473596282952698e-01,-1.223769572965089480e+02,-7.714261379169884414e-01,4.042169833690101299e-01,-4.914385993827948274e-01,1.079052229279626260e+02,0.000000000000000000e+00,0.000000000000000000e+00,0.000000000000000000e+00,1.000000000000000000e+00
-8.271421828451261393e-02,7.020568753314802013e-01,7.072999992173344408e-01,1.384571611928783454e+02,6.309211980664762853e-01,5.862797498719910516e-01,-5.081473596282952698e-01,-1.690555028989139714e+02,-7.714261379169884414e-01,4.042169833690101299e-01,-4.914385993827948274e-01,1.689817819294731862e+02,0.000000000000000000e+00,0.000000000000000000e+00,0.000000000000000000e+00,1.000000000000000000e+00
2.243073615879471183e-01,-9.578649269983073866e-01,1.793859431471065136e-01,1.467231113667712918e+02,-5.607144156362837695e-01,-2.774128708404132726e-01,-7.801539625613426177e-01,-2.172813133004789279e+02,7.970472747802554991e-01,7.441380356963291087e-02,-5.993153285769547978e-01,2.324446803035962716e+02,0.000000000000000000e+00,0.000000000000000000e+00,0.000000000000000000e+00,1.000000000000000000e+00
5.063424006281599388e-01,-2.800507857522829824e-01,-8.155899969189547294e-01,1.194160183181193275e+02,5.557883697243118926e-01,-6.171627239478396643e-01,5.569630177908476698e-01,-1.765032445503313170e+02,-6.593333314700575709e-01,-7.353091369149663548e-01,-1.568446458633288298e-01,1.699106913272602810e+02,0.000000000000000000e+00,0.000000000000000000e+00,0.000000000000000000e+00,1.000000000000000000e+00
5.063424006281599388e-01,-2.800507857522829824e-01,-8.155899969189547294e-01,1.551646207576199004e+02,5.557883697243118926e-01,-6.171627239478396643e-01,5.569630177908476698e-01,-1.371328193290023592e+02,-6.593333314700575709e-01,-7.353091369149663548e-01,-1.568446458633288298e-01,1.107532261336305623e+02,0.000000000000000000e+00,0.000000000000000000e+00,0.000000000000000000e+00,1.000000000000000000e+00
-9.269163253802293889e-01,3.593031098866150130e-01,1.082866991829534303e-01,1.845388379213144390e+02,8.878222697170801148e-02,4.903392925162354810e-01,-8.669968598265095361e-01,-1.076762701460666136e+02,-3.646091479939827518e-01,-7.940226913093698657e-01,-4.864033918358209307e-01,5.913242621350372730e+01,0.000000000000000000e+00,0.000000000000000000e+00,0.000000000000000000e+00,1.000000000000000000e+00
-9.269163253802293889e-01,3.593031098866150130e-01,1.082866991829534303e-01,2.416820513012329741e+02,8.878222697170801148e-02,4.903392925162354810e-01,-8.669968598265095361e-01,-1.196669226945880666e+02,-3.646091479939827518e-01,-7.940226913093698657e-01,-4.864033918358209307e-01,8.927456472444245605e+01,0.000000000000000000e+00,0.000000000000000000e+00,0.000000000000000000e+00,1.000000000000000000e+00
1.709929106501779927e-01,-2.326826217678786279e-01,9.574019039899793748e-01,3.022308470172516763e+02,9.688150308262056809e-01,-1.371528493478468835e-01,-2.063618022067119362e-01,-1.215725431140988917e+02,1.793257448119212338e-01,9.628343331324870080e-01,2.019711623169238301e-01,1.057026621205990438e+02,0.000000000000000000e+00,0.000000000000000000e+00,0.000000000000000000e+00,1.000000000000000000e+00
1.709929106501779927e-01,-2.326826217678786279e-01,9.574019039899793748e-01,3.178407114572729029e+02,9.688150308262056809e-01,-1.371528493478468835e-01,-2.063618022067119362e-01,-4.392272370393708059e+01,1.793257448119212338e-01,9.628343331324870080e-01,2.019711623169238301e-01,1.143884608319320080e+02,0.000000000000000000e+00,0.000000000000000000e+00,0.000000000000000000e+00,1.000000000000000000e+00
-3.076968252770766465e-01,1.039104993204847116e-01,9.457925369792885562e-01,3.065103722419526662e+02,-6.836844790356526591e-01,-7.154656509862569180e-01,-1.438166795027148170e-01,-1.057887723532267756e+02,6.617408783581574250e-01,-6.908762097664231661e-01,2.911855272434208941e-01,1.114401267522577683e+02,0.000000000000000000e+00,0.000000000000000000e+00,0.000000000000000000e+00,1.000000000000000000e+00
-3.076968252770766465e-01,1.039104993204847116e-01,9.457925369792885562e-01,3.285829792797403570e+02,-6.836844790356526591e-01,-7.154656509862569180e-01,-1.438166795027148170e-01,-4.911209007972370699e+01,6.617408783581574250e-01,-6.908762097664231661e-01,2.911855272434208941e-01,6.673740836365314522e+01,0.000000000000000000e+00,0.000000000000000000e+00,0.000000000000000000e+00,1.000000000000000000e+00
-3.076968252770766465e-01,1.039104993204847116e-01,9.457925369792885562e-01,3.060761525712899811e+02,-6.836844790356526591e-01,-7.154656509862569180e-01,-1.438166795027148170e-01,-1.037891562515877979e+02,6.617408783581574250e-01,-6.908762097664231661e-01,2.911855272434208941e-01,1.179038058362837376e+02,0.000000000000000000e+00,0.000000000000000000e+00,0.000000000000000000e+00,1.000000000000000000e+00
-3.076968252770766465e-01,1.039104993204847116e-01,9.457925369792885562e-01,2.838717746076022763e+02,-6.836844790356526591e-01,-7.154656509862569180e-01,-1.438166795027148170e-01,-1.578287406639637993e+02,6.617408783581574250e-01,-6.908762097664231661e-01,2.911855272434208941e-01,1.684076096758373922e+02,0.000000000000000000e+00,0.000000000000000000e+00,0.000000000000000000e+00,1.000000000000000000e+00
-3.076968252770766465e-01,1.039104993204847116e-01,9.457925369792885562e-01,2.657292079737075028e+02,-6.836844790356526591e-01,-7.154656509862569180e-01,-1.438166795027148170e-01,-2.021256506648265940e+02,6.617408783581574250e-01,-6.908762097664231661e-01,2.911855272434208941e-01,2.078531602066358062e+02,0.000000000000000000e+00,0.000000000000000000e+00,0.000000000000000000e+00,1.000000000000000000e+00
-3.739305329561896096e-01,-5.694592596844738619e-01,-7.320451259046365511e-01,2.422268774771461892e+02,-8.830775228906601049e-01,4.598438717462506320e-01,9.336131384935966726e-02,-2.546427207473141436e+02,2.834640823219972683e-01,6.813655811657705064e-01,-6.748248884652124913e-01,2.535127383071593101e+02,0.000000000000000000e+00,0.000000000000000000e+00,0.000000000000000000e+00,1.000000000000000000e+00
-3.739305329561896096e-01,-5.694592596844738619e-01,-7.320451259046365511e-01,2.171889366802139136e+02,-8.830775228906601049e-01,4.598438717462506320e-01,9.336131384935966726e-02,-3.223655335591514586e+02,2.834640823219972683e-01,6.813655811657705064e-01,-6.748248884652124913e-01,2.679029569333632139e+02,0.000000000000000000e+00,0.000000000000000000e+00,0.000000000000000000e+00,1.000000000000000000e+00
-3.739305329561896096e-01,-5.694592596844738619e-01,-7.320451259046365511e-01,2.373288627831182680e+02,-8.830775228906601049e-01,4.598438717462506320e-01,9.336131384935966726e-02,-2.668282790832199112e+02,2.834640823219972683e-01,6.813655811657705064e-01,-6.748248884652124913e-01,2.552344887803585323e+02,0.000000000000000000e+00,0.000000000000000000e+00,0.000000000000000000e+00,1.000000000000000000e+00
-3.739305329561896096e-01,-5.694592596844738619e-01,-7.320451259046365511e-01,2.673099096886313077e+02,-8.830775228906601049e-01,4.598438717462506320e-01,9.336131384935966726e-02,-2.041948504197595184e+02,2.834640823219972683e-01,6.813655811657705064e-01,-6.748248884652124913e-01,2.256044994115370059e+02,0.000000000000000000e+00,0.000000000000000000e+00,0.000000000000000000e+00,1.000000000000000000e+00
-3.739305329561896096e-01,-5.694592596844738619e-01,-7.320451259046365511e-01,2.850536463178514168e+02,-8.830775228906601049e-01,4.598438717462506320e-01,9.336131384935966726e-02,-1.369864082184399479e+02,2.834640823219972683e-01,6.813655811657705064e-01,-6.748248884652124913e-01,2.136772402503657986e+02,0.000000000000000000e+00,0.000000000000000000e+00,0.000000000000000000e+00,1.000000000000000000e+00
-3.739305329561896096e-01,-5.694592596844738619e-01,-7.320451259046365511e-01,2.523975580070683691e+02,-8.830775228906601049e-01,4.598438717462506320e-01,9.336131384935966726e-02,-2.037030005290102395e+02,2.834640823219972683e-01,6.813655811657705064e-01,-6.748248884652124913e-01,2.362466321876777897e+02,0.000000000000000000e+00,0.000000000000000000e+00,0.000000000000000000e+00,1.000000000000000000e+00
6.829018317077960587e-01,3.625139851794025869e-01,6.342134962903653861e-01,2.227273953036100806e+02,-4.294272332499082245e-01,9.015484573157981352e-01,-5.292402320060275722e-02,-2.637323740676391708e+02,-5.909627793276918117e-01,-2.362093308097945321e-01,7.713416684316942717e-01,2.608044372381849598e+02,0.000000000000000000e+00,0.000000000000000000e+00,0.000000000000000000e+00,1.000000000000000000e+00
-2.305891624050872835e-01,7.187874106398194352e-01,-6.558739955033193736e-01,2.679305564573060678e+02,-7.971729443493454914e-01,2.469711373066920956e-01,5.509243185827771283e-01,-2.978615069670864273e+02,5.579822016743475332e-01,6.498811878946998410e-01,5.160520697751738162e-01,2.221991977380982917e+02,0.000000000000000000e+00,0.000000000000000000e+00,0.000000000000000000e+00,1.000000000000000000e+00
-7.336476425061042583e-01,-5.415954321350546774e-01,-4.104067859920820793e-01,2.709504762200249388e+02,5.193824730990468375e-01,-8.363729820882886967e-01,1.752649269956176314e-01,-2.930052068021938680e+02,-4.381753579549484412e-01,-8.457411181569564340e-02,8.949016953720320133e-01,2.220651455045965861e+02,0.000000000000000000e+00,0.000000000000000000e+00,0.000000000000000000e+00,1.000000000000000000e+00
-7.336476425061042583e-01,-5.415954321350546774e-01,-4.104067859920820793e-01,3.218182004636589681e+02,5.193824730990468375e-01,-8.363729820882886967e-01,1.752649269956176314e-01,-3.351228935253093368e+02,-4.381753579549484412e-01,-8.457411181569564340e-02,8.949016953720320133e-01,2.561934537325385008e+02,0.000000000000000000e+00,0.000000000000000000e+00,0.000000000000000000e+00,1.000000000000000000e+00
-7.336476425061042583e-01,-5.415954321350546774e-01,-4.104067859920820793e-01,3.688378026943028658e+02,5.193824730990468375e-01,-8.363729820882886967e-01,1.752649269956176314e-01,-3.824332556646528474e+02,-4.381753579549484412e-01,-8.457411181569564340e-02,8.949016953720320133e-01,2.895482149350668806e+02,0.000000000000000000e+00,0.000000000000000000e+00,0.000000000000000000e+00,1.000000000000000000e+00
-7.336476425061042583e-01,-5.415954321350546774e-01,-4.104067859920820793e-01,3.135234711225303954e+02,5.193824730990468375e-01,-8.363729820882886967e-01,1.752649269956176314e-01,-3.458067674374695457e+02,-4.381753579549484412e-01,-8.457411181569564340e-02,8.949016953720320133e-01,2.566645361363747497e+02,0.000000000000000000e+00,0.000000000000000000e+00,0.000000000000000000e+00,1.000000000000000000e+00
-5.542044077216360387e-01,-7.721161305878033732e-01,-3.109534053422489119e-01,2.701992981539441985e+02,8.107003783060214852e-01,-4.159945244026967415e-01,-4.119583448488760014e-01,-3.934514034451722182e+02,1.887264102700613733e-01,-4.803982996150494844e-01,8.565041318883626076e-01,2.451846789839240728e+02,0.000000000000000000e+00,0.000000000000000000e+00,0.000000000000000000e+00,1.000000000000000000e+00
3.440853448473588094e-01,-2.144815881554139603e-01,-9.141121213864858985e-01,2.922870606278496552e+02,-6.261778304532199246e-02,9.661492195554324258e-01,-2.502636850703280347e-01,-4.440749008709224199e+02,9.368470303024389878e-01,1.433525459691054327e-01,3.190104941138645622e-01,2.302614390896740701e+02,0.000000000000000000e+00,0.000000000000000000e+00,0.000000000000000000e+00,1.000000000000000000e+00
-4.423982616989526884e-01,2.930818164959153593e-01,-8.475760181210836297e-01,2.844279248979141244e+02,-2.796581955856959900e-01,-9.430498995950975516e-01,-1.801281886980589109e-01,-4.372435196031489113e+02,-8.520996296500913392e-01,1.573428464900193946e-01,4.991693790686486665e-01,2.195243958831144084e+02,0.000000000000000000e+00,0.000000000000000000e+00,0.000000000000000000e+00,1.000000000000000000e+00
-7.129766445677604425e-01,-2.414522366668188022e-02,-7.007701867822069275e-01,2.864192895727071004e+02,2.343834972652237558e-01,-9.501244515491743536e-01,-2.057325069205068191e-01,-4.908133016915321605e+02,-6.608509973175356045e-01,-3.109325036943185738e-01,6.830791121542225675e-01,2.065342593394854873e+02,0.000000000000000000e+00,0.000000000000000000e+00,0.000000000000000000e+00,1.000000000000000000e+00
-5.001473126861882834e-01,2.884096034374715456e-02,-8.654585157621802471e-01,2.786898753874437489e+02,-3.542230302404488218e-01,-9.188140176440352525e-01,1.740833761275037972e-01,-5.516305965582913586e+02,-7.901751892305075575e-01,3.936329672837440286e-01,4.697618590684693451e-01,1.814603566736774098e+02,0.000000000000000000e+00,0.000000000000000000e+00,0.000000000000000000e+00,1.000000000000000000e+00
-1.774444976411191505e-02,9.709412596965322217e-01,2.386537448293435393e-01,3.183884501883151756e+02,1.095334712899085350e-01,2.391447654500507003e-01,-9.647850819313366078e-01,-5.277369167807643180e+02,-9.938245693222931276e-01,9.018566248774673166e-03,-1.105953745689433471e-01,2.443430883142791856e+02,0.000000000000000000e+00,0.000000000000000000e+00,0.000000000000000000e+00,1.000000000000000000e+00
