1.000000000000000000e+00,0.000000000000000000e+00,0.000000000000000000e+00,0.000000000000000000e+00,0.000000000000000000e+00,1.000000000000000000e+00,0.000000000000000000e+00,0.000000000000000000e+00,0.000000000000000000e+00,0.000000000000000000e+00,1.000000000000000000e+00,0.000000000000000000e+00,0.000000000000000000e+00,0.000000000000000000e+00,0.000000000000000000e+00,1.000000000000000000e+00
8.244146406650543213e-02,-6.615338325500488281e-01,7.453697919845581055e-01,-2.568475341796875000e+01,-4.013156890869140625e-01,-7.066323161125183105e-01,-5.827661156654357910e-01,-5.527728271484375000e+01,9.122222065925598145e-01,-2.510845959186553955e-01,-3.237398564815521240e-01,4.930461502075195312e+01,0.000000000000000000e+00,0.000000000000000000e+00,0.000000000000000000e+00,1.000000000000000000e+00
-1.838052051054157587e-01,4.800308817559446606e-01,8.577794644671765667e-01,-1.399095730595570330e+01,6.593615485242425578e-01,7.074071199761009510e-01,-2.545918575509027448e-01,1.414734405776880521e+01,-7.290115370918042181e-01,5.187915625043957313e-01,-4.465394337772057298e-01,3.864057482302018798e+01,0.000000000000000000e+00,0.000000000000000000e+00,0.000000000000000000e+00,1.000000000000000000e+00
6.609152763153857135e-01,-5.715060514960423887e-01,4.863860407662879970e-01,2.640287252591097911e+01,-3.996616539774666688e-01,2.805211179806211819e-01,8.726842094356989099e-01,-1.050358595210380130e+01,-6.351858476450502611e-01,-7.711610205897198034e-01,-4.300855316958990954e-02,-8.220856550770193394e+00,0.000000000000000000e+00,0.000000000000000000e+00,0.000000000000000000e+00,1.000000000000000000e+00
6.609152763153857135e-01,-5.715060514960423887e-01,4.863860407662879970e-01,-1.147916203539782032e+01,-3.996616539774666688e-01,2.805211179806211819e-01,8.726842094356989099e-01,1.053000517117880364e+01,-6.351858476450502611e-01,-7.711610205897198034e-01,-4.300855316958990954e-02,4.534524313977514964e+01,0.000000000000000000e+00,0.000000000000000000e+00,0.000000000000000000e+00,1.000000000000000000e+00
5.991807310139453113e-01,-6.101663511131537598e-01,-5.183419092632836067e-01,-5.718631283634968554e+01,-2.182396253310842915e-01,4.984344451227585293e-01,-8.390075400305404552e-01,2.881795025711969416e+01,7.702946051862235022e-01,6.158399985534630527e-01,1.654901735535022900e-01,-1.008898264184591653e+01,0.000000000000000000e+00,0.000000000000000000e+00,0.000000000000000000e+00,1.000000000000000000e+00
4.783124579429827716e-01,-8.409976850855703789e-01,2.528616440032631640e-01,-8.188889789313913070e+01,-4.971643421507861427e-01,-2.196583894537230963e-02,8.673778437796986207e-01,6.533591182662678420e+01,-7.239084467943021073e-01,-5.405921898898627953e-01,-4.286213583886974154e-01,4.718149792413724697e+01,0.000000000000000000e+00,0.000000000000000000e+00,0.000000000000000000e+00,1.000000000000000000e+00
4.783124579429827716e-01,-8.409976850855703789e-01,2.528616440032631640e-01,-4.380715410419225719e+01,-4.971643421507861427e-01,-2.196583894537230963e-02,8.673778437796986207e-01,2.784443071916107471e+01,-7.239084467943021073e-01,-5.405921898898627953e-01,-4.286213583886974154e-01,-6.685355430839628355e+00,0.000000000000000000e+00,0.000000000000000000e+00,0.000000000000000000e+00,1.000000000000000000e+00
8.400005766732421275e-01,-2.299714128505828958e-01,-4.914383134041151457e-01,-6.142210401992406332e+01,9.380218584660103553e-02,9.536474333524709301e-01,-2.859315956602775932e-01,3.157820858100942374e+01,5.344149522987429179e-01,1.940839771214384335e-01,8.226370064249606262e-01,-1.459862207491077513e+01,0.000000000000000000e+00,0.000000000000000000e+00,0.000000000000000000e+00,1.000000000000000000e+00
-5.999550042855420484e-01,3.914565307489830115e-01,6.977214655383343622e-01,-2.411566691708994625e+01,-4.303785645930237047e-01,5.772526084636658839e-01,-6.939408064543198806e-01,5.671594401396416174e+01,-6.744087425475123743e-01,-7.166181499851574932e-01,-1.778509501744680588e-01,4.326075423757018257e+01,0.000000000000000000e+00,0.000000000000000000e+00,0.000000000000000000e+00,1.000000000000000000e+00
-4.538850221329784884e-01,2.515667976749183521e-01,-8.548111725108675785e-01,-5.341998650153045958e+01,4.618941159350464232e-01,8.867957238168364675e-01,1.572508425721584960e-02,1.115862285115458548e+02,7.619988667808330618e-01,-3.876954322104554929e-01,-5.187000401460284404e-01,9.072698286850689442e+01,0.000000000000000000e+00,0.000000000000000000e+00,0.000000000000000000e+00,1.000000000000000000e+00
-3.793312675362436881e-01,4.588563254583626905e-01,8.034664140846439206e-01,-6.090537075596552796e+01,-9.179744781261957032e-01,-2.954046561644744218e-01,-2.646885489181107776e-01,8.620319692215888097e+01,1.158943670029556200e-01,-8.379659885901281635e-01,5.332740327479041920e-01,9.394851413009716623e+01,0.000000000000000000e+00,0.000000000000000000e+00,0.000000000000000000e+00,1.000000000000000000e+00
-3.793312675362436881e-01,4.588563254583626905e-01,8.034664140846439206e-01,-4.022884078628381843e+01,-9.179744781261957032e-01,-2.954046561644744218e-01,-2.646885489181107776e-01,1.568824618095623009e+02,1.158943670029556200e-01,-8.379659885901281635e-01,5.332740327479041920e-01,9.404331539177601940e+01,0.000000000000000000e+00,0.000000000000000000e+00,0.000000000000000000e+00,1.000000000000000000e+00
5.815889316366713579e-01,-4.449872039426776005e-01,-6.809849118033082238e-01,-1.260597792867252664e+01,-4.448406720995246033e-02,-8.532675111841171445e-01,5.195737566175054889e-01,1.327075864781490395e+02,-8.122659615379581588e-01,-2.718846460761147887e-01,-5.160457871075341263e-01,3.274393669735814427e+01,0.000000000000000000e+00,0.000000000000000000e+00,0.000000000000000000e+00,1.000000000000000000e+00
-7.322120639864244662e-01,-2.250432743963877436e-01,6.428225336047603822e-01,2.671107835220380977e+01,-1.949667207378673328e-01,-8.350769840457854531e-01,-5.144275882707856073e-01,1.413052008710110385e+02,6.525748151051862234e-01,-5.019983939639518500e-01,5.675775021384390495e-01,7.659140212239883283e-01,0.000000000000000000e+00,0.000000000000000000e+00,0.000000000000000000e+00,1.000000000000000000e+00
4.908356620489764954e-01,-6.425584841361789978e-01,5.883859426829199935e-01,4.459180937462571137e+01,8.226693624803456117e-01,1.194475754565756664e-01,-5.558317734051115844e-01,2.028473208677689286e+02,2.868730200822675602e-01,7.568685979668864361e-01,5.872425393609831401e-01,4.005892168670085596e+01,0.000000000000000000e+00,0.000000000000000000e+00,0.000000000000000000e+00,1.000000000000000000e+00
4.908356620489764954e-01,-6.425584841361789978e-01,5.883859426829199935e-01,-1.293393259307219267e+01,8.226693624803456117e-01,1.194475754565756664e-01,-5.558317734051115844e-01,1.794028676478306465e+02,2.868730200822675602e-01,7.568685979668864361e-01,5.872425393609831401e-01,7.294749717799344069e+01,0.000000000000000000e+00,0.000000000000000000e+00,0.000000000000000000e+00,1.000000000000000000e+00
-8.610950591367237950e-01,-1.552986578222600722e-01,4.841456656585216844e-01,-6.044208599764751000e-01,-5.076406003856546167e-01,2.090859365861316432e-01,-8.358145892959238932e-01,2.036907481033215674e+02,2.857252674585853552e-02,-9.654875343978930324e-01,-2.588782980754572027e-01,2.245562963111792953e+01,0.000000000000000000e+00,0.000000000000000000e+00,0.000000000000000000e+00,1.000000000000000000e+00
-6.826280093255630010e-01,-2.981059084871974796e-01,-6.671963126749218542e-01,-5.276081303057027583e+01,-4.766129015599511187e-01,-5.104772466240552475e-01,7.157198881807959046e-01,1.621638478087431849e+02,-5.539490080735748334e-01,8.065649480747557609e-01,2.063844053918355015e-01,1.992187859616183943e+00,0.000000000000000000e+00,0.000000000000000000e+00,0.000000000000000000e+00,1.000000000000000000e+00
-6.826280093255630010e-01,-2.981059084871974796e-01,-6.671963126749218542e-01,-1.090320152383447976e+02,-4.766129015599511187e-01,-5.104772466240552475e-01,7.157198881807959046e-01,1.119970367543074588e+02,-5.539490080735748334e-01,8.065649480747557609e-01,2.063844053918355015e-01,-7.371120204213639227e+00,0.000000000000000000e+00,0.000000000000000000e+00,0.000000000000000000e+00,1.000000000000000000e+00
-2.125798571503630108e-01,-6.605078269694684145e-01,7.200962881061043763e-01,-9.434790916709417274e+01,-3.985376837645084880e-01,-6.142527135102057168e-01,-6.810752273802243018e-01,1.411966882907727268e+02,8.921763077873219316e-01,-4.317683702525570433e-01,-1.326589550309179300e-01,-7.930185778528921503e+01,0.000000000000000000e+00,0.000000000000000000e+00,0.000000000000000000e+00,1.000000000000000000e+00
-2.125798571503630108e-01,-6.605078269694684145e-01,7.200962881061043763e-01,-8.345008268604937030e+01,-3.985376837645084880e-01,-6.142527135102057168e-01,-6.810752273802243018e-01,1.702391886044756006e+02,8.921763077873219316e-01,-4.317683702525570433e-01,-1.326589550309179300e-01,-1.529965507317989761e+02,0.000000000000000000e+00,0.000000000000000000e+00,0.000000000000000000e+00,1.000000000000000000e+00
-2.125798571503630108e-01,-6.605078269694684145e-01,7.200962881061043763e-01,-6.515060568547474418e+01,-3.985376837645084880e-01,-6.142527135102057168e-01,-6.810752273802243018e-01,2.062377683250968516e+02,8.921763077873219316e-01,-4.317683702525570433e-01,-1.326589550309179300e-01,-2.193133749398083410e+02,0.000000000000000000e+00,0.000000000000000000e+00,0.000000000000000000e+00,1.000000000000000000e+00
-3.876513438678632073e-01,5.662319861213147565e-01,7.273976023402347613e-01,-3.389961840968969398e+01,-2.722063305332435013e-01,6.835960175946166340e-01,-6.772018833631414658e-01,2.333270346798799153e+02,-8.806988739610192019e-01,-4.605200106056708265e-01,-1.108645002693807308e-01,-1.563344208314929915e+02,0.000000000000000000e+00,0.000000000000000000e+00,0.000000000000000000e+00,1.000000000000000000e+00
-3.876513438678632073e-01,5.662319861213147565e-01,7.273976023402347613e-01,8.290172541900624026e+00,-2.722063305332435013e-01,6.835960175946166340e-01,-6.772018833631414658e-01,2.829773486495989800e+02,-8.806988739610192019e-01,-4.605200106056708265e-01,-1.108645002693807308e-01,-1.749972932301378705e+02,0.000000000000000000e+00,0.000000000000000000e+00,0.000000000000000000e+00,1.000000000000000000e+00
-3.876513438678632073e-01,5.662319861213147565e-01,7.273976023402347613e-01,2.310005488547677999e+01,-2.722063305332435013e-01,6.835960175946166340e-01,-6.772018833631414658e-01,2.936699007921884004e+02,-8.806988739610192019e-01,-4.605200106056708265e-01,-1.108645002693807308e-01,-1.185818448477798199e+02,0.000000000000000000e+00,0.000000000000000000e+00,0.000000000000000000e+00,1.000000000000000000e+00
-5.714516795196800114e-02,-6.827391815744259240e-01,-7.284238046935996858e-01,3.634621107075472679e+01,9.651123710284575941e-01,-2.245203836437601186e-01,1.347257739052499792e-01,2.236057638236000003e+02,-2.555287570088661808e-01,-6.953115542706567176e-01,6.717491029767341804e-01,-9.045150875847768646e+01,0.000000000000000000e+00,0.000000000000000000e+00,0.000000000000000000e+00,1.000000000000000000e+00
-5.714516795196800114e-02,-6.827391815744259240e-01,-7.284238046935996858e-01,2.289878863793992281e+01,9.651123710284575941e-01,-2.245203836437601186e-01,1.347257739052499792e-01,2.951860471090369629e+02,-2.555287570088661808e-01,-6.953115542706567176e-01,6.717491029767341804e-01,-1.192333651712037863e+02,0.000000000000000000e+00,0.000000000000000000e+00,0.000000000000000000e+00,1.000000000000000000e+00
-2.787119424817723901e-01,-9.356181598801619481e-01,-2.166530339720081355e-01,3.650684178808581493e+01,-9.319320102011472429e-01,2.089888696818530123e-01,2.963600691961177924e-01,3.610701274563959942e+02,-2.320009505276531547e-01,2.845038644468014799e-01,-9.301794162826478862e-01,-1.021142001565451665e+02,0.000000000000000000e+00,0.000000000000000000e+00,0.000000000000000000e+00,1.000000000000000000e+00
-2.787119424817723901e-01,-9.356181598801619481e-01,-2.166530339720081355e-01,6.637910784918224749e+01,-9.319320102011472429e-01,2.089888696818530123e-01,2.963600691961177924e-01,4.339071547374425677e+02,-2.320009505276531547e-01,2.845038644468014799e-01,-9.301794162826478862e-01,-8.356941347721988222e+01,0.000000000000000000e+00,0.000000000000000000e+00,0.000000000000000000e+00,1.000000000000000000e+00
9.106971267130588021e-01,1.685795862243202881e-01,3.771107449996625172e-01,-2.165981666531848759e+00,-8.969860349224040297e-02,9.718567272511441368e-01,-2.178332772754647539e-01,4.289790855121198092e+02,-4.032187536637001912e-01,1.645528339963302777e-01,9.001875295097058194e-01,-5.783460234661117738e+01,0.000000000000000000e+00,0.000000000000000000e+00,0.000000000000000000e+00,1.000000000000000000e+00
5.857244046425508222e-01,8.071619839540523644e-01,-7.359697551470581467e-02,-5.495315512192442498e+01,3.365248907703257131e-01,-1.595824815559003518e-01,9.280557083626833625e-01,4.055029939088251467e+02,7.373462555638690130e-01,-5.683507091836347280e-01,-3.651020751736896441e-01,-1.030971031595981486e+02,0.000000000000000000e+00,0.000000000000000000e+00,0.000000000000000000e+00,1.000000000000000000e+00
-7.860502156764463955e-01,6.176535071832524038e-01,2.508794439469002463e-02,-6.211748951581817835e+00,-2.287264190122829943e-01,-2.529027233619788873e-01,-9.400678270488842525e-01,4.252818052881332846e+02,-5.742915199402156556e-01,-7.446773898129668279e-01,3.400684684367970001e-01,-5.636111856316487234e+01,0.000000000000000000e+00,0.000000000000000000e+00,0.000000000000000000e+00,1.000000000000000000e+00
-7.860502156764463955e-01,6.176535071832524038e-01,2.508794439469002463e-02,5.092302336075815106e+01,-2.287264190122829943e-01,-2.529027233619788873e-01,-9.400678270488842525e-01,4.400956459651465593e+02,-5.742915199402156556e-01,-7.446773898129668279e-01,3.400684684367970001e-01,-2.423220340911444737e+01,0.000000000000000000e+00,0.000000000000000000e+00,0.000000000000000000e+00,1.000000000000000000e+00
9.171624685800219279e-01,2.086059602598203111e-01,-3.395546954605723755e-01,1.026411558503697563e+02,-3.413133481546461456e-01,8.510228709354652477e-01,-3.990845234300243183e-01,4.248077170261620950e+02,2.057183479821865502e-01,4.819187743302639770e-01,8.517256517823811324e-01,-1.105918514424088706e+01,0.000000000000000000e+00,0.000000000000000000e+00,0.000000000000000000e+00,1.000000000000000000e+00
9.171624685800219279e-01,2.086059602598203111e-01,-3.395546954605723755e-01,1.679258988744310273e+02,-3.413133481546461456e-01,8.510228709354652477e-01,-3.990845234300243183e-01,3.859832376112686347e+02,2.057183479821865502e-01,4.819187743302639770e-01,8.517256517823811324e-01,-2.202128925212397448e+00,0.000000000000000000e+00,0.000000000000000000e+00,0.000000000000000000e+00,1.000000000000000000e+00
9.171624685800219279e-01,2.086059602598203111e-01,-3.395546954605723755e-01,2.420233076229681615e+02,-3.413133481546461456e-01,8.510228709354652477e-01,-3.990845234300243183e-01,3.606327030897095369e+02,2.057183479821865502e-01,4.819187743302639770e-01,8.517256517823811324e-01,1.101469768009220651e+01,0.000000000000000000e+00,0.000000000000000000e+00,0.000000000000000000e+00,1.000000000000000000e+00
-9.878219263591359045e-01,4.758905294937254560e-02,1.481301314182285611e-01,3.060021358245817282e+02,2.139403430113810678e-02,9.845771581090417834e-01,-1.736441006780248264e-01,3.627268657474702422e+02,-1.541096326435728858e-01,-1.683618312433088349e-01,-9.736050204536598196e-01,1.898525727729303725e+01,0.000000000000000000e+00,0.000000000000000000e+00,0.000000000000000000e+00,1.000000000000000000e+00
-4.336668418618903065e-01,7.449519849881108824e-01,-5.069314463713022745e-01,3.316708769541687047e+02,6.920138757616319802e-01,-8.497127074457100360e-02,-7.168674806379936593e-01,3.116525376695901741e+02,-5.771078666801066070e-01,-6.616849311543161472e-01,-4.786673195858732743e-01,7.371296276866945618e+01,0.000000000000000000e+00,0.000000000000000000e+00,0.000000000000000000e+00,1.000000000000000000e+00
-4.336668418618903065e-01,7.449519849881108824e-01,-5.069314463713022745e-01,3.643347464058215905e+02,6.920138757616319802e-01,-8.497127074457100360e-02,-7.168674806379936593e-01,2.630047534375615328e+02,-5.771078666801066070e-01,-6.616849311543161472e-01,-4.786673195858732743e-01,1.108308300195542273e+02,0.000000000000000000e+00,0.000000000000000000e+00,0.000000000000000000e+00,1.000000000000000000e+00
7.381565807559963277e-01,3.594051892606867638e-01,5.709230719559604816e-01,3.061394712831934726e+02,6.723871302232800051e-01,-4.608995892083890267e-01,-5.791981511538403238e-01,2.192085542090355830e+02,5.497070835381074466e-02,8.114206510722352661e-01,-5.818741805806836309e-01,9.834955537272352899e+01,0.000000000000000000e+00,0.000000000000000000e+00,0.000000000000000000e+00,1.000000000000000000e+00
8.535469687914569725e-01,4.836312576984146405e-01,1.938030322672926187e-01,3.699453549031943567e+02,4.738973428696280910e-01,-8.752266212440559245e-01,9.697187050285518972e-02,2.624102991549096373e+02,2.165199177107889061e-01,9.074081337342132861e-03,-9.762376123798464089e-01,1.147074160524082487e+02,0.000000000000000000e+00,0.000000000000000000e+00,0.000000000000000000e+00,1.000000000000000000e+00
9.507881687461062770e-01,-2.626715283304373871e-01,-1.643416972477005078e-01,4.390071392777623487e+02,2.656284106315139337e-01,9.640689235865254059e-01,-4.124116136095425447e-03,2.906249657619052869e+02,1.595202872742729761e-01,-3.973396482041558625e-02,9.863963050961329637e-01,1.257370949949768573e+02,0.000000000000000000e+00,0.000000000000000000e+00,0.000000000000000000e+00,1.000000000000000000e+00
9.435321044768579801e-01,-9.178400220322219250e-02,3.183173207871528021e-01,5.084891176061526039e+02,-9.253063808435900428e-02,-9.956296542670263205e-01,-1.280674902577591708e-02,2.796136812668406151e+02,3.181020333355630281e-01,-1.736941029837544420e-02,-9.478990725405906925e-01,1.489635250082664584e+02,0.000000000000000000e+00,0.000000000000000000e+00,0.000000000000000000e+00,1.000000000000000000e+00
4.451933117137252260e-01,8.701382946481026615e-01,-2.113412862793559166e-01,5.405812894067673824e+02,-8.887823007137157783e-01,4.006823904264606995e-01,-2.225391564514734022e-01,2.212185659073676334e+02,-1.089574571580533419e-01,2.869092143216931956e-01,9.517429239041076405e-01,1.413566242084172586e+02,0.000000000000000000e+00,0.000000000000000000e+00,0.000000000000000000e+00,1.000000000000000000e+00
9.368194184733210639e-01,-2.882859965625446663e-01,1.981492935227022745e-01,6.126829936741085021e+02,-1.186747777994552888e-01,-7.947608544606323822e-01,-5.952112650444330022e-01,2.125520775304970869e+02,3.290724330997986113e-01,5.340897609249924960e-01,-7.787578529274685746e-01,1.661180062065168670e+02,0.000000000000000000e+00,0.000000000000000000e+00,0.000000000000000000e+00,1.000000000000000000e+00
2.073660843208248450e-01,-1.042533028946400903e-01,9.726937128042412173e-01,6.256933660668358925e+02,7.923682491968252473e-01,6.010300078889166953e-01,-1.045029770080709158e-01,2.762757249315579315e+02,-5.737230859685591433e-01,7.924000693689413621e-01,2.072403049834111721e-01,1.254351787698007286e+02,0.000000000000000000e+00,0.000000000000000000e+00,0.000000000000000000e+00,1.000000000000000000e+00
-2.140747563344933824e-01,-4.659446044043871193e-01,8.585279707366018087e-01,6.409034435398202731e+02,6.058864876328524662e-01,-7.527448901870623654e-01,-2.574533999301736875e-01,2.472801184796255711e+02,7.662098176747387246e-01,4.650556706634305648e-01,4.434528550031905381e-01,7.516545413789219765e+01,0.000000000000000000e+00,0.000000000000000000e+00,0.000000000000000000e+00,1.000000000000000000e+00
-5.207019515242649055e-01,-5.540163089858466394e-01,-6.495677678203680694e-01,6.822942320733113775e+02,-7.532286736977218400e-01,6.562865515014272288e-01,4.404886955848561630e-02,2.943905229536479737e+02,4.018984246678474759e-01,5.122083298419166653e-01,-7.590294587092192291e-01,4.312949033915899832e+01,0.000000000000000000e+00,0.000000000000000000e+00,0.000000000000000000e+00,1.000000000000000000e+00
-5.207019515242649055e-01,-5.540163089858466394e-01,-6.495677678203680694e-01,7.270342579846834496e+02,-7.532286736977218400e-01,6.562865515014272288e-01,4.404886955848561630e-02,3.411527109673506857e+02,4.018984246678474759e-01,5.122083298419166653e-01,-7.590294587092192291e-01,1.243756316020477470e+01,0.000000000000000000e+00,0.000000000000000000e+00,0.000000000000000000e+00,1.000000000000000000e+00
-7.129010494777365814e-01,-6.965864435135264987e-01,8.088611926712242772e-02,7.823683515569420024e+02,3.866055554449728260e-01,-4.866301982715467989e-01,-7.834113445584771629e-01,3.207138441360864363e+02,5.850743707145169559e-01,-5.272224386684460917e-01,6.162225603043843813e-01,-2.342484940522304981e+01,0.000000000000000000e+00,0.000000000000000000e+00,0.000000000000000000e+00,1.000000000000000000e+00
5.032301382242635457e-01,-8.619904942579101892e-01,-6.111512121370506895e-02,7.514268873005327123e+02,-4.522058202503446145e-01,-3.229455733133463347e-01,8.313977456681206357e-01,3.581820781091825552e+02,-7.363924602676986675e-01,-3.907467901401666666e-01,-5.523123064528588921e-01,3.839513989006387362e+01,0.000000000000000000e+00,0.000000000000000000e+00,0.000000000000000000e+00,1.000000000000000000e+00
-8.539093570170999126e-01,2.627556047006188167e-01,4.492230296924609734e-01,6.929488940489167135e+02,-3.440908263451764593e-01,3.625465129092256822e-01,-8.661222974372413397e-01,3.332394237281578171e+02,-3.904418286092051771e-01,-8.941620986606189092e-01,-2.191696687408947186e-01,5.085155139272494296e+00,0.000000000000000000e+00,0.000000000000000000e+00,0.000000000000000000e+00,1.000000000000000000e+00
-8.539093570170999126e-01,2.627556047006188167e-01,4.492230296924609734e-01,6.234149626329851799e+02,-3.440908263451764593e-01,3.625465129092256822e-01,-8.661222974372413397e-01,3.024408464768552562e+02,-3.904418286092051771e-01,-8.941620986606189092e-01,-2.191696687408947186e-01,-1.451782601337772149e+01,0.000000000000000000e+00,0.000000000000000000e+00,0.000000000000000000e+00,1.000000000000000000e+00
-8.539093570170999126e-01,2.627556047006188167e-01,4.492230296924609734e-01,5.571424208755972813e+02,-3.440908263451764593e-01,3.625465129092256822e-01,-8.661222974372413397e-01,2.767214986364296578e+02,-3.904418286092051771e-01,-8.941620986606189092e-01,-2.191696687408947186e-01,-4.071009784901872308e+01,0.000000000000000000e+00,0.000000000000000000e+00,0.000000000000000000e+00,1.000000000000000000e+00
3.066223560783529756e-01,-3.948118822689736240e-01,8.660887235177002763e-01,5.379835860145693687e+02,9.440800347889107824e-01,1.023319742452253808e-02,-3.295667850062117266e-01,2.106143330367114856e+02,1.212534239776619366e-01,9.187082870380839372e-01,3.758712355957289364e-01,-5.446233727335540209e+01,0.000000000000000000e+00,0.000000000000000000e+00,0.000000000000000000e+00,1.000000000000000000e+00
-2.702832672736109054e-01,-9.605874166284816829e-01,-6.497610648721688364e-02,6.137332076875571829e+02,-1.985645836730335137e-02,-6.191371074323502588e-02,9.978868133385985217e-01,2.139579098300590374e+02,-9.625791744205274281e-01,2.710020507719550498e-01,-2.340139459316592334e-03,-5.745683876303667148e+01,0.000000000000000000e+00,0.000000000000000000e+00,0.000000000000000000e+00,1.000000000000000000e+00
-2.702832672736109054e-01,-9.605874166284816829e-01,-6.497610648721688364e-02,6.885748052564680393e+02,-1.985645836730335137e-02,-6.191371074323502588e-02,9.978868133385985217e-01,2.158432326786638669e+02,-9.625791744205274281e-01,2.710020507719550498e-01,-2.340139459316592334e-03,-6.049352305423600029e+01,0.000000000000000000e+00,0.000000000000000000e+00,0.000000000000000000e+00,1.000000000000000000e+00
-9.409032927269787017e-01,3.361793449746561246e-01,-4.106569957140828592e-02,7.504617531988046721e+02,-1.142174838734266590e-01,-2.008191443168077517e-01,9.729500810187465820e-01,2.220899663075293518e+02,3.188383046399912990e-01,9.201417483936054076e-01,2.273482313024661194e-01,-9.169108993053129097e+01,0.000000000000000000e+00,0.000000000000000000e+00,0.000000000000000000e+00,1.000000000000000000e+00
-2.352464047362289295e-03,9.330292150849879285e-01,-3.597956507041026875e-01,7.462480836391529238e+02,9.968452314239676371e-01,3.074671200588484019e-02,7.321091497244289203e-02,2.981858134480826834e+02,7.936981617334268324e-02,-3.584881626266295807e-01,-9.301572911576404534e-01,-8.392480575474519355e+01,0.000000000000000000e+00,0.000000000000000000e+00,0.000000000000000000e+00,1.000000000000000000e+00
-1.178019962857146247e-01,-9.734570581704080627e-01,1.962282013436454364e-01,7.367882608101336928e+02,9.929699456938687607e-01,-1.178165410140573910e-01,1.165022450591615862e-02,3.726853224186285161e+02,1.177738143466529677e-02,1.962209802943704617e-01,9.804918939333047145e-01,-7.925868967594411174e+01,0.000000000000000000e+00,0.000000000000000000e+00,0.000000000000000000e+00,1.000000000000000000e+00
5.039092522943745545e-01,7.319573725727860358e-01,-4.586015936032402096e-01,7.720169954012815197e+02,-8.622293656421453623e-01,4.578434315378875907e-01,-2.166697727234770388e-01,3.028981637824458630e+02,5.137513983437035081e-02,5.046010330855926762e-01,8.618260430727125998e-01,-7.925984405637062480e+01,0.000000000000000000e+00,0.000000000000000000e+00,0.000000000000000000e+00,1.000000000000000000e+00
-1.465751474218172923e-01,-7.780306172767785799e-01,-6.108892537424952529e-01,7.940696649299959518e+02,8.777219549135404364e-01,1.825172112751373144e-01,-4.430553847171384563e-01,2.374254615128538433e+02,4.562076576314346155e-01,-6.011310337302920859e-01,6.561413667417481665e-01,-1.066664280825916933e+02,0.000000000000000000e+00,0.000000000000000000e+00,0.000000000000000000e+00,1.000000000000000000e+00
-5.015883190572708594e-01,4.777983520407492746e-01,-7.211931911577073029e-01,8.291491082240295327e+02,-8.568181035443959148e-01,-1.592232737480234195e-01,4.904260420801440645e-01,3.019776069124060314e+02,1.194939845584487154e-01,8.639219842707918096e-01,4.892500534951023661e-01,-1.248594789571906034e+02,0.000000000000000000e+00,0.000000000000000000e+00,0.000000000000000000e+00,1.000000000000000000e+00
4.983812177650518982e-01,8.578816211339652664e-01,-1.251280206829202823e-01,8.360356596955952000e+02,7.721808234883785760e-01,-3.736289351590329488e-01,5.139505565068001047e-01,3.279996566960658129e+02,3.941565412409803182e-01,-3.527642510834704814e-01,-8.486482679821359953e-01,-1.099068240850647271e+02,0.000000000000000000e+00,0.000000000000000000e+00,0.000000000000000000e+00,1.000000000000000000e+00
-8.560378550530329811e-01,-3.079600976830960679e-01,-4.151643484877534651e-01,7.708183475402593103e+02,-3.563474702264133320e-01,9.333954676539615303e-01,4.238598330983251589e-02,2.930425532129332851e+02,3.744590471753366234e-01,1.842264522676495542e-01,-9.087610845105436042e-01,-8.105610184111893091e+01,0.000000000000000000e+00,0.000000000000000000e+00,0.000000000000000000e+00,1.000000000000000000e+00
-8.560378550530329811e-01,-3.079600976830960679e-01,-4.151643484877534651e-01,8.346928409302258842e+02,-3.563474702264133320e-01,9.333954676539615303e-01,4.238598330983251589e-02,3.155767376875455739e+02,3.744590471753366234e-01,1.842264522676495542e-01,-9.087610845105436042e-01,-1.084844655964368201e+02,0.000000000000000000e+00,0.000000000000000000e+00,0.000000000000000000e+00,1.000000000000000000e+00
-8.560378550530329811e-01,-3.079600976830960679e-01,-4.151643484877534651e-01,7.691289155026539675e+02,-3.563474702264133320e-01,9.333954676539615303e-01,4.238598330983251589e-02,2.890123000511531473e+02,3.744590471753366234e-01,1.842264522676495542e-01,-9.087610845105436042e-01,-8.134466760704918897e+01,0.000000000000000000e+00,0.000000000000000000e+00,0.000000000000000000e+00,1.000000000000000000e+00
8.730422713580683336e-01,-3.867895094752680230e-01,2.969720728978401114e-01,8.428258774490340102e+02,-2.533234247120760285e-01,1.606419674219426164e-01,9.539538828909515100e-01,2.697008336456925690e+02,-4.166851410076419238e-01,-9.080709501322625776e-01,4.226424590444807089e-02,-1.004012961311665606e+02,0.000000000000000000e+00,0.000000000000000000e+00,0.000000000000000000e+00,1.000000000000000000e+00
8.730422713580683336e-01,-3.867895094752680230e-01,2.969720728978401114e-01,9.140846325207131713e+02,-2.533234247120760285e-01,1.606419674219426164e-01,9.539538828909515100e-01,2.455103768853286965e+02,-4.166851410076419238e-01,-9.080709501322625776e-01,4.226424590444807089e-02,-1.249615757568234500e+02,0.000000000000000000e+00,0.000000000000000000e+00,0.000000000000000000e+00,1.000000000000000000e+00
8.730422713580683336e-01,-3.867895094752680230e-01,2.969720728978401114e-01,9.837751706023412908e+02,-2.533234247120760285e-01,1.606419674219426164e-01,9.539538828909515100e-01,2.271174967989287552e+02,-4.166851410076419238e-01,-9.080709501322625776e-01,4.226424590444807089e-02,-1.547429785534183964e+02,0.000000000000000000e+00,0.000000000000000000e+00,0.000000000000000000e+00,1.000000000000000000e+00
-3.024693595717837247e-01,8.862608956682899164e-01,-3.507917176590866215e-01,1.007153556862915252e+03,9.718517566329885893e-02,-3.374369511976163527e-01,-9.363215076255263503e-01,2.187341924167850493e+02,-9.481940746543473519e-01,-3.172999723104698577e-01,1.593299001663952413e-02,-9.664829094124328890e+01,0.000000000000000000e+00,0.000000000000000000e+00,0.000000000000000000e+00,1.000000000000000000e+00
-3.024693595717837247e-01,8.862608956682899164e-01,-3.507917176590866215e-01,1.021526553604259561e+03,9.718517566329885893e-02,-3.374369511976163527e-01,-9.363215076255263503e-01,2.170233154118377854e+02,-9.481940746543473519e-01,-3.172999723104698577e-01,1.593299001663952413e-02,-2.680875420369409312e+01,0.000000000000000000e+00,0.000000000000000000e+00,0.000000000000000000e+00,1.000000000000000000e+00
8.142874246943256900e-01,4.498298556808570936e-01,-3.668646122369951246e-01,9.663031989252135645e+02,8.547373435389499230e-02,-7.180525368380809015e-01,-6.907250295118032568e-01,2.144042818904605667e+02,-5.741362834100074419e-01,5.310903560987506600e-01,-6.231494026944994769e-01,8.682637251891264896e+00,0.000000000000000000e+00,0.000000000000000000e+00,0.000000000000000000e+00,1.000000000000000000e+00
8.142874246943256900e-01,4.498298556808570936e-01,-3.668646122369951246e-01,9.084193751725896391e+02,8.547373435389499230e-02,-7.180525368380809015e-01,-6.907250295118032568e-01,2.069485275150807411e+02,-5.741362834100074419e-01,5.310903560987506600e-01,-6.231494026944994769e-01,5.215441345323959865e+01,0.000000000000000000e+00,0.000000000000000000e+00,0.000000000000000000e+00,1.000000000000000000e+00
8.142874246943256900e-01,4.498298556808570936e-01,-3.668646122369951246e-01,8.525882031664069700e+02,8.547373435389499230e-02,-7.180525368380809015e-01,-6.907250295118032568e-01,2.093197540602797346e+02,-5.741362834100074419e-01,5.310903560987506600e-01,-6.231494026944994769e-01,8.470612894142817595e+01,0.000000000000000000e+00,0.000000000000000000e+00,0.000000000000000000e+00,1.000000000000000000e+00
9.490915060315979757e-02,-7.018781606059510958e-01,-7.059460765548510874e-01,8.427770754140098006e+02,-6.454069315167325627e-01,4.965316673860978858e-01,-5.804418254283540968e-01,2.556988117029486602e+02,7.579226575161425172e-01,5.107117652191204282e-01,-4.058713863755910589e-01,4.274585142756964729e+01,0.000000000000000000e+00,0.000000000000000000e+00,0.000000000000000000e+00,1.000000000000000000e+00
9.490915060315979757e-02,-7.018781606059510958e-01,-7.059460765548510874e-01,8.377140262260852523e+02,-6.454069315167325627e-01,4.965316673860978858e-01,-5.804418254283540968e-01,3.057705708838469718e+02,7.579226575161425172e-01,5.107117652191204282e-01,-4.058713863755910589e-01,-1.651423985692650831e+01,0.000000000000000000e+00,0.000000000000000000e+00,0.000000000000000000e+00,1.000000000000000000e+00
-5.250429409507972184e-02,8.960723879135364944e-01,-4.407924726493333001e-01,8.408089352652847310e+02,-5.827154035441411972e-01,3.309724978343101531e-01,7.422304286841303611e-01,2.695820995395861814e+02,8.109806203688293413e-01,2.958265464322247240e-01,5.047782202080652869e-01,4.343738059575552057e+01,0.000000000000000000e+00,0.000000000000000000e+00,0.000000000000000000e+00,1.000000000000000000e+00
1.210177584694126784e-01,-9.589627941024752023e-01,-2.564086981931076314e-01,8.619456176571204651e+02,-3.544090275132174006e-01,1.995414896860475684e-01,-9.135554777734211651e-01,2.439794308335200981e+02,9.272280009345182927e-01,2.014304591126593325e-01,-3.157177612127976540e-01,9.701973503898193485e+01,0.000000000000000000e+00,0.000000000000000000e+00,0.000000000000000000e+00,1.000000000000000000e+00
1.210177584694126784e-01,-9.589627941024752023e-01,-2.564086981931076314e-01,8.568384792953888791e+02,-3.544090275132174006e-01,1.995414896860475684e-01,-9.135554777734211651e-01,2.657125846064106440e+02,9.272280009345182927e-01,2.014304591126593325e-01,-3.157177612127976540e-01,4.060680782319564486e+01,0.000000000000000000e+00,0.000000000000000000e+00,0.000000000000000000e+00,1.000000000000000000e+00
1.210177584694126784e-01,-9.589627941024752023e-01,-2.564086981931076314e-01,8.582220225356039691e+02,-3.544090275132174006e-01,1.995414896860475684e-01,-9.135554777734211651e-01,2.876699053973699165e+02,9.272280009345182927e-01,2.014304591126593325e-01,-3.157177612127976540e-01,-1.591158713391462243e+01,0.000000000000000000e+00,0.000000000000000000e+00,0.000000000000000000e+00,1.000000000000000000e+00
-9.634593302591138997e-01,2.668628538743252898e-01,-2.306711070329704738e-02,9.124492846498957306e+02,4.613702528409947129e-02,2.501669917207557381e-01,9.671058774687021353e-01,2.836947427881351018e+02,2.638556392113308724e-01,9.307007241906652961e-01,-2.533356949675880654e-01,-3.580977822250140008e+01,0.000000000000000000e+00,0.000000000000000000e+00,0.000000000000000000e+00,1.000000000000000000e+00
8.692995597122048501e-01,-4.942673040066620782e-01,-4.314959480366173210e-03,9.477214555196037509e+02,4.898185545520950535e-01,8.625797666276820985e-01,-1.266480535894812798e-01,2.810651734174376202e+02,6.631975756382657572e-02,1.079835033793260929e-01,9.919397858813009394e-01,-3.505329123957044146e+01,0.000000000000000000e+00,0.000000000000000000e+00,0.000000000000000000e+00,1.000000000000000000e+00
8.692995597122048501e-01,-4.942673040066620782e-01,-4.314959480366173210e-03,9.038243289997686816e+02,4.898185545520950535e-01,8.625797666276820985e-01,-1.266480535894812798e-01,2.465423146216796226e+02,6.631975756382657572e-02,1.079835033793260929e-01,9.919397858813009394e-01,-4.144017230137144736e+01,0.000000000000000000e+00,0.000000000000000000e+00,0.000000000000000000e+00,1.000000000000000000e+00
-5.574446460197954867e-01,-4.178220536104379490e-01,-7.174123663184347466e-01,9.482567855658381859e+02,-1.791597872382142409e-01,9.043120313546756384e-01,-3.874624840297227757e-01,2.534947069266214612e+02,8.106540798570340822e-01,-8.745519073981411484e-02,-5.789599245897391055e-01,-1.005485082583852261e+02,0.000000000000000000e+00,0.000000000000000000e+00,0.000000000000000000e+00,1.000000000000000000e+00
-1.470288539666106675e-01,7.952315141469351589e-01,5.882090710062916061e-01,9.641289182404469784e+02,8.702603246131104253e-01,3.866541529295808854e-01,-3.052074415591688461e-01,1.932356881937760136e+02,-4.701414379829839119e-01,4.670198647407737824e-01,-7.489076320922308794e-01,-6.319862860086662693e+01,0.000000000000000000e+00,0.000000000000000000e+00,0.000000000000000000e+00,1.000000000000000000e+00
-7.715554270596267639e-01,-1.383659316158682151e-01,6.209329102717191518e-01,9.114390689598434392e+02,-4.314912346643956509e-01,8.310472141826138470e-01,-3.509726441519229190e-01,1.538555207732050292e+02,-4.674611112126765278e-01,-5.387192586150540974e-01,-7.009029671678239648e-01,-8.703716972785220207e+01,0.000000000000000000e+00,0.000000000000000000e+00,0.000000000000000000e+00,1.000000000000000000e+00
-7.715554270596267639e-01,-1.383659316158682151e-01,6.209329102717191518e-01,9.697119871715995032e+02,-4.314912346643956509e-01,8.310472141826138470e-01,-3.509726441519229190e-01,1.838656770598788626e+02,-4.674611112126765278e-01,-5.387192586150540974e-01,-7.009029671678239648e-01,-4.883860855693180980e+01,0.000000000000000000e+00,0.000000000000000000e+00,0.000000000000000000e+00,1.000000000000000000e+00
-5.653841421310225046e-01,-4.995166158616741736e-01,-6.563719716359160961e-01,9.319637927587739341e+02,3.321326742859050940e-01,-8.662785827495323998e-01,3.731690604845849801e-01,2.151776639872136911e+02,-7.550023759992652295e-01,-7.019717939692188616e-03,6.556867611011339969e-01,-1.039959688126275097e+02,0.000000000000000000e+00,0.000000000000000000e+00,0.000000000000000000e+00,1.000000000000000000e+00
-7.236457558217584962e-01,-9.587161577407974158e-03,6.901051890993116222e-01,9.838617706859112104e+02,-3.959210438316527192e-01,8.247874794005117804e-01,-4.037051010103909765e-01,2.504384070684436949e+02,-5.653185871231470871e-01,-5.653640442335575722e-01,-6.006507851189568647e-01,-6.814248887364226448e+01,0.000000000000000000e+00,0.000000000000000000e+00,0.000000000000000000e+00,1.000000000000000000e+00
-1.988739595712263886e-01,2.475403502289403312e-01,-9.482475719329629404e-01,9.683102831500004868e+02,-8.246651338471306936e-01,-5.650540005874489236e-01,2.544696010565167255e-02,1.886324587108464073e+02,-5.295129257277327861e-01,7.870441900556877091e-01,3.165131574983341967e-01,-1.053247844461668450e+02,0.000000000000000000e+00,0.000000000000000000e+00,0.000000000000000000e+00,1.000000000000000000e+00
-2.907453648788195788e-01,-4.132973333893861789e-01,8.629326263926967444e-01,9.504259937018846358e+02,-6.332576415918336199e-01,7.592177270652165078e-01,1.502627171777738690e-01,1.477149094472922002e+02,-7.172568901982888656e-01,-5.027671923409287036e-01,-4.824627863410227424e-01,-1.560530891520916725e+02,0.000000000000000000e+00,0.000000000000000000e+00,0.000000000000000000e+00,1.000000000000000000e+00
-3.652113773947966435e-01,-3.491974039075257941e-01,8.629495909827196165e-01,9.265297793797757322e+02,-4.946919720502681583e-01,8.580672021429818219e-01,1.378625699531913495e-01,1.015475715507409120e+02,-7.886095697015039763e-01,-3.765419343059837609e-01,-4.861211412717066915e-01,-2.129939466563196504e+02,0.000000000000000000e+00,0.000000000000000000e+00,0.000000000000000000e+00,1.000000000000000000e+00
-3.652113773947966435e-01,-3.491974039075257941e-01,8.629495909827196165e-01,9.528736676037684674e+02,-4.946919720502681583e-01,8.580672021429818219e-01,1.378625699531913495e-01,1.304372762492718607e+02,-7.886095697015039763e-01,-3.765419343059837609e-01,-4.861211412717066915e-01,-1.518923056391026591e+02,0.000000000000000000e+00,0.000000000000000000e+00,0.000000000000000000e+00,1.000000000000000000e+00
-3.652113773947966435e-01,-3.491974039075257941e-01,8.629495909827196165e-01,9.297933360434706174e+02,-4.946919720502681583e-01,8.580672021429818219e-01,1.378625699531913495e-01,9.605865516989757680e+01,-7.886095697015039763e-01,-3.765419343059837609e-01,-4.861211412717066915e-01,-2.061306098442862265e+02,0.000000000000000000e+00,0.000000000000000000e+00,0.000000000000000000e+00,1.000000000000000000e+00
2.859194387395798675e-01,5.392971850569980852e-01,7.920914604025677264e-01,9.290620075561130307e+02,9.136104416122955429e-01,-4.027850536559799410e-01,-5.554593161666751544e-02,1.052014112511170083e+02,2.890885753909570033e-01,7.395420932161281824e-01,-6.078719569637200948e-01,-2.056991785723773205e+02,0.000000000000000000e+00,0.000000000000000000e+00,0.000000000000000000e+00,1.000000000000000000e+00
2.859194387395798675e-01,5.392971850569980852e-01,7.920914604025677264e-01,8.999358812054622376e+02,9.136104416122955429e-01,-4.027850536559799410e-01,-5.554593161666751544e-02,3.960070331717543013e+01,2.890885753909570033e-01,7.395420932161281824e-01,-6.078719569637200948e-01,-2.356281650935096934e+02,0.000000000000000000e+00,0.000000000000000000e+00,0.000000000000000000e+00,1.000000000000000000e+00
