source,target,homogeneous_matrix
DATA_2023-04-16_23-36-03/lidar/192.ply,DATA_2023-04-16_23-36-03/lidar/191.ply,"[[ 1.00000000e+00  0.00000000e+00  1.24708080e-17 -4.88855029e-19]
 [ 0.00000000e+00  1.00000000e+00  0.00000000e+00  0.00000000e+00]
 [ 1.24708080e-17  0.00000000e+00  1.00000000e+00 -3.91999483e-02]
 [ 0.00000000e+00  0.00000000e+00  0.00000000e+00  1.00000000e+00]]"
DATA_2023-04-16_23-36-03/lidar/193.ply,DATA_2023-04-16_23-36-03/lidar/192.ply,"[[ 1.00000000e+00  0.00000000e+00  1.24708080e-17 -7.94391838e-19]
 [ 0.00000000e+00  1.00000000e+00  0.00000000e+00  0.00000000e+00]
 [ 1.24708080e-17  0.00000000e+00  1.00000000e+00 -6.37001097e-02]
 [ 0.00000000e+00  0.00000000e+00  0.00000000e+00  1.00000000e+00]]"
DATA_2023-04-16_23-36-03/lidar/194.ply,DATA_2023-04-16_23-36-03/lidar/193.ply,"[[ 1.00000000e+00  0.00000000e+00  1.24708080e-17 -1.09992530e-18]
 [ 0.00000000e+00  1.00000000e+00  0.00000000e+00  0.00000000e+00]
 [ 1.24708080e-17  0.00000000e+00  1.00000000e+00 -8.82000029e-02]
 [ 0.00000000e+00  0.00000000e+00  0.00000000e+00  1.00000000e+00]]"
DATA_2023-04-16_23-36-03/lidar/195.ply,DATA_2023-04-16_23-36-03/lidar/194.ply,"[[ 1.00000000e+00  0.00000000e+00  1.24708080e-17 -1.40545877e-18]
 [ 0.00000000e+00  1.00000000e+00  0.00000000e+00  0.00000000e+00]
 [ 1.24708080e-17  0.00000000e+00  1.00000000e+00 -1.12699896e-01]
 [ 0.00000000e+00  0.00000000e+00  0.00000000e+00  1.00000000e+00]]"
DATA_2023-04-16_23-36-03/lidar/196.ply,DATA_2023-04-16_23-36-03/lidar/195.ply,"[[ 1.00000000e+00  0.00000000e+00  1.24708080e-17 -1.71099483e-18]
 [ 0.00000000e+00  1.00000000e+00  0.00000000e+00  0.00000000e+00]
 [ 1.24708080e-17  0.00000000e+00  1.00000000e+00 -1.37199998e-01]
 [ 0.00000000e+00  0.00000000e+00  0.00000000e+00  1.00000000e+00]]"
DATA_2023-04-16_23-36-03/lidar/197.ply,DATA_2023-04-16_23-36-03/lidar/196.ply,"[[ 1.00000000e+00  0.00000000e+00  1.24708080e-17 -2.73152642e-18]
 [ 0.00000000e+00  1.00000000e+00  0.00000000e+00  0.00000000e+00]
 [ 1.24708080e-17  0.00000000e+00  1.00000000e+00 -2.19033636e-01]
 [ 0.00000000e+00  0.00000000e+00  0.00000000e+00  1.00000000e+00]]"
DATA_2023-04-16_23-36-03/lidar/198.ply,DATA_2023-04-16_23-36-03/lidar/197.ply,"[[ 9.99501922e-01 -3.15579181e-02  7.79605517e-05 -4.98567227e-05]
 [ 3.15556010e-02  9.99391885e-01 -1.48359087e-02  2.63775859e-04]
 [ 3.90277250e-04  1.48309794e-02  9.99889939e-01 -1.09360277e-02]
 [ 0.00000000e+00  0.00000000e+00  0.00000000e+00  1.00000000e+00]]"
DATA_2023-04-16_23-36-03/lidar/199.ply,DATA_2023-04-16_23-36-03/lidar/198.ply,"[[ 9.99553345e-01 -2.98825555e-02 -3.77674247e-04  2.22948949e-05]
 [ 2.98693749e-02  9.99360747e-01 -1.96448056e-02 -6.56439805e-05]
 [ 9.64469811e-04  1.96247502e-02  9.99806951e-01  1.05689011e-02]
 [ 0.00000000e+00  0.00000000e+00  0.00000000e+00  1.00000000e+00]]"
DATA_2023-04-16_23-36-03/lidar/200.ply,DATA_2023-04-16_23-36-03/lidar/199.ply,"[[ 9.99927016e-01  1.20815229e-02  1.72037835e-05  3.86892814e-05]
 [-1.20815206e-02  9.99927007e-01 -1.29152277e-04 -3.92589825e-07]
 [-1.87628840e-05  1.28935003e-04  9.99999992e-01  2.90055680e-02]
 [ 0.00000000e+00  0.00000000e+00  0.00000000e+00  1.00000000e+00]]"
DATA_2023-04-16_23-36-03/lidar/201.ply,DATA_2023-04-16_23-36-03/lidar/200.ply,"[[ 9.99928111e-01  1.19886968e-02  2.07350091e-04  1.93624977e-06]
 [-1.19898322e-02  9.99904864e-01  6.81954527e-03  3.13384303e-05]
 [-1.25572904e-04 -6.82154112e-03  9.99976725e-01  1.24259932e-02]
 [ 0.00000000e+00  0.00000000e+00  0.00000000e+00  1.00000000e+00]]"
DATA_2023-04-16_23-36-03/lidar/202.ply,DATA_2023-04-16_23-36-03/lidar/201.ply,"[[ 9.99945562e-01  1.04326704e-02  1.81628148e-04  1.24554363e-06]
 [-1.04337064e-02  9.99919740e-01  7.18687996e-03  2.01698827e-05]
 [-1.06635221e-04 -7.18838377e-03  9.99974158e-01  9.70626011e-03]
 [ 0.00000000e+00  0.00000000e+00  0.00000000e+00  1.00000000e+00]]"
DATA_2023-04-16_23-36-03/lidar/203.ply,DATA_2023-04-16_23-36-03/lidar/202.ply,"[[ 9.99966185e-01  8.22289446e-03  1.14897045e-04 -2.24245600e-05]
 [-8.22345569e-03  9.99946287e-01  6.30858395e-03  2.58747312e-06]
 [-6.30160535e-05 -6.30931548e-03  9.99980094e-01  7.03160421e-03]
 [ 0.00000000e+00  0.00000000e+00  0.00000000e+00  1.00000000e+00]]"
DATA_2023-04-16_23-36-03/lidar/204.ply,DATA_2023-04-16_23-36-03/lidar/203.ply,"[[ 9.99945685e-01  1.04217532e-02  1.18457255e-04  2.31260414e-05]
 [-1.04223874e-02  9.99908446e-01  8.62982643e-03  1.57331818e-06]
 [-2.85084884e-05 -8.63059231e-03  9.99962755e-01  7.72415602e-03]
 [ 0.00000000e+00  0.00000000e+00  0.00000000e+00  1.00000000e+00]]"
DATA_2023-04-16_23-36-03/lidar/205.ply,DATA_2023-04-16_23-36-03/lidar/204.ply,"[[ 9.99995531e-01  2.98960941e-03  1.52083037e-05  7.59811600e-06]
 [-2.98963808e-03  9.99992411e-01  2.49816614e-03 -1.48617984e-05]
 [-7.73964730e-06 -2.49820045e-03  9.99996879e-01  1.69502657e-03]
 [ 0.00000000e+00  0.00000000e+00  0.00000000e+00  1.00000000e+00]]"
DATA_2023-04-16_23-36-03/lidar/206.ply,DATA_2023-04-16_23-36-03/lidar/205.ply,"[[ 9.99998012e-01  1.99405267e-03  6.62664094e-06  7.61969438e-06]
 [-1.99406075e-03  9.99996722e-01  1.60641759e-03 -6.30439039e-06]
 [-3.42333792e-06 -1.60642761e-03  9.99998710e-01  8.34285259e-04]
 [ 0.00000000e+00  0.00000000e+00  0.00000000e+00  1.00000000e+00]]"
DATA_2023-04-16_23-36-03/lidar/207.ply,DATA_2023-04-16_23-36-03/lidar/206.ply,"[[ 1.00000000e+00 -3.89127101e-19 -8.14148479e-17  0.00000000e+00]
 [-3.89127101e-19  1.00000000e+00  4.76503461e-21  0.00000000e+00]
 [-8.14148479e-17  4.76503461e-21  1.00000000e+00  0.00000000e+00]
 [ 0.00000000e+00  0.00000000e+00  0.00000000e+00  1.00000000e+00]]"
DATA_2023-04-16_23-36-03/lidar/208.ply,DATA_2023-04-16_23-36-03/lidar/207.ply,"[[ 9.99997819e-01  2.08856775e-03  4.33081952e-06 -2.26384165e-08]
 [-2.08857188e-03  9.99996708e-01  1.49037100e-03 -1.10092976e-05]
 [-1.21806447e-06 -1.49037679e-03  9.99998889e-01  2.91726986e-04]
 [ 0.00000000e+00  0.00000000e+00  0.00000000e+00  1.00000000e+00]]"
DATA_2023-04-16_23-36-03/lidar/209.ply,DATA_2023-04-16_23-36-03/lidar/208.ply,"[[ 9.99999861e-01  5.28160421e-04  3.29860649e-07  1.52567215e-05]
 [-5.28160489e-04  9.99999826e-01  2.62648352e-04 -3.86312325e-06]
 [-1.91140127e-07 -2.62648489e-04  9.99999966e-01 -1.53693298e-04]
 [ 0.00000000e+00  0.00000000e+00  0.00000000e+00  1.00000000e+00]]"
DATA_2023-04-16_23-36-03/lidar/210.ply,DATA_2023-04-16_23-36-03/lidar/209.ply,"[[ 9.99999960e-01  2.83875762e-04  6.45823496e-08 -1.32173334e-11]
 [-2.83875766e-04  9.99999957e-01  7.94053659e-05 -1.62509911e-08]
 [-4.20410880e-08 -7.94053810e-05  9.99999997e-01 -2.04658601e-04]
 [ 0.00000000e+00  0.00000000e+00  0.00000000e+00  1.00000000e+00]]"
DATA_2023-04-16_23-36-03/lidar/211.ply,DATA_2023-04-16_23-36-03/lidar/210.ply,"[[ 1.00000000e+00  4.37582792e-21  2.89564211e-17  0.00000000e+00]
 [ 4.37582792e-21  1.00000000e+00 -5.71031065e-20  0.00000000e+00]
 [ 2.89564211e-17 -5.71031065e-20  1.00000000e+00  0.00000000e+00]
 [ 0.00000000e+00  0.00000000e+00  0.00000000e+00  1.00000000e+00]]"
DATA_2023-04-16_23-36-03/lidar/212.ply,DATA_2023-04-16_23-36-03/lidar/211.ply,"[[ 9.99999980e-01  1.98340301e-04 -1.65430487e-08  3.76621259e-12]
 [-1.98340301e-04  9.99999980e-01 -3.05405390e-05  6.95289996e-09]
 [ 1.04856286e-08  3.05405417e-05  1.00000000e+00 -2.27661338e-04]
 [ 0.00000000e+00  0.00000000e+00  0.00000000e+00  1.00000000e+00]]"
DATA_2023-04-16_23-36-03/lidar/213.ply,DATA_2023-04-16_23-36-03/lidar/212.ply,"[[ 1.00000000e+00 -1.22351551e-20 -4.84456106e-17  4.90471834e-21]
 [-1.22351551e-20  1.00000000e+00 -2.28626363e-20  2.31465328e-24]
 [-4.84456106e-17 -2.28626363e-20  1.00000000e+00 -1.01241749e-04]
 [ 0.00000000e+00  0.00000000e+00  0.00000000e+00  1.00000000e+00]]"
DATA_2023-04-16_23-36-03/lidar/214.ply,DATA_2023-04-16_23-36-03/lidar/213.ply,"[[ 9.99999994e-01  1.12852666e-04 -2.50782617e-08  2.63368713e-12]
 [-1.12852667e-04  9.99999990e-01 -7.94053752e-05  8.33905146e-09]
 [ 1.61171532e-08  7.94053775e-05  9.99999997e-01 -1.05018727e-04]
 [ 0.00000000e+00  0.00000000e+00  0.00000000e+00  1.00000000e+00]]"
DATA_2023-04-16_23-36-03/lidar/215.ply,DATA_2023-04-16_23-36-03/lidar/214.ply,"[[ 1.00000000e+00 -2.08371016e-20 -2.48671448e-17  2.29562259e-21]
 [-2.08371016e-20  1.00000000e+00 -2.81599014e-20  2.59959503e-24]
 [-2.48671448e-17 -2.81599014e-20  1.00000000e+00 -9.23154876e-05]
 [ 0.00000000e+00  0.00000000e+00  0.00000000e+00  1.00000000e+00]]"
DATA_2023-04-16_23-36-03/lidar/216.ply,DATA_2023-04-16_23-36-03/lidar/215.ply,"[[ 1.00000000e+00 -2.08371016e-20 -2.48671448e-17  1.82511758e-21]
 [-2.08371016e-20  1.00000000e+00 -2.81599014e-20  2.06678859e-24]
 [-2.48671448e-17 -2.81599014e-20  1.00000000e+00 -7.33947381e-05]
 [ 0.00000000e+00  0.00000000e+00  0.00000000e+00  1.00000000e+00]]"
DATA_2023-04-16_23-36-03/lidar/217.ply,DATA_2023-04-16_23-36-03/lidar/216.ply,"[[ 9.99999998e-01  5.48261391e-05 -2.00873275e-08  1.82526213e-12]
 [-5.48261413e-05  9.99999989e-01 -1.34378332e-04  1.22104685e-08]
 [ 1.27198822e-08  1.34378333e-04  9.99999991e-01 -9.08663488e-05]
 [ 0.00000000e+00  0.00000000e+00  0.00000000e+00  1.00000000e+00]]"
DATA_2023-04-16_23-36-03/lidar/218.ply,DATA_2023-04-16_23-36-03/lidar/217.ply,"[[ 1.00000000e+00 -9.18847036e-21 -6.54314172e-17  1.54001897e-21]
 [-9.18847036e-21  1.00000000e+00  3.50686129e-22 -8.25388344e-27]
 [-6.54314172e-17  3.50686129e-22  1.00000000e+00 -2.35363841e-05]
 [ 0.00000000e+00  0.00000000e+00  0.00000000e+00  1.00000000e+00]]"
DATA_2023-04-16_23-36-03/lidar/219.ply,DATA_2023-04-16_23-36-03/lidar/218.ply,"[[ 1.00000000e+00 -9.18847036e-21 -6.54314172e-17  3.07034883e-22]
 [-9.18847036e-21  1.00000000e+00  3.50686129e-22 -1.64558372e-27]
 [-6.54314172e-17  3.50686129e-22  1.00000000e+00 -4.69246879e-06]
 [ 0.00000000e+00  0.00000000e+00  0.00000000e+00  1.00000000e+00]]"
DATA_2023-04-16_23-36-03/lidar/220.ply,DATA_2023-04-16_23-36-03/lidar/219.ply,"[[ 1.00000000e+00 -9.18847036e-21 -6.54314172e-17  1.57249879e-22]
 [-9.18847036e-21  1.00000000e+00  3.50686129e-22 -8.42796226e-28]
 [-6.54314172e-17  3.50686129e-22  1.00000000e+00 -2.40327790e-06]
 [ 0.00000000e+00  0.00000000e+00  0.00000000e+00  1.00000000e+00]]"
DATA_2023-04-16_23-36-03/lidar/221.ply,DATA_2023-04-16_23-36-03/lidar/220.ply,"[[ 1.00000000e+00 -9.18847036e-21 -6.54314172e-17  2.94512175e-22]
 [-9.18847036e-21  1.00000000e+00  3.50686129e-22 -1.57846703e-27]
 [-6.54314172e-17  3.50686129e-22  1.00000000e+00 -4.50108200e-06]
 [ 0.00000000e+00  0.00000000e+00  0.00000000e+00  1.00000000e+00]]"
DATA_2023-04-16_23-36-03/lidar/222.ply,DATA_2023-04-16_23-36-03/lidar/221.ply,"[[ 1.00000000e+00 -9.18847036e-21 -6.54314172e-17  9.98465131e-23]
 [-9.18847036e-21  1.00000000e+00  3.50686129e-22 -5.35137228e-28]
 [-6.54314172e-17  3.50686129e-22  1.00000000e+00 -1.52597204e-06]
 [ 0.00000000e+00  0.00000000e+00  0.00000000e+00  1.00000000e+00]]"
DATA_2023-04-16_23-36-03/lidar/223.ply,DATA_2023-04-16_23-36-03/lidar/222.ply,"[[ 1.00000000e+00 -9.18847036e-21 -6.54314172e-17  7.73254300e-23]
 [-9.18847036e-21  1.00000000e+00  3.50686129e-22  3.81469727e-06]
 [-6.54314172e-17  3.50686129e-22  1.00000000e+00 -1.18231401e-06]
 [ 0.00000000e+00  0.00000000e+00  0.00000000e+00  1.00000000e+00]]"
DATA_2023-04-16_23-36-03/lidar/224.ply,DATA_2023-04-16_23-36-03/lidar/223.ply,"[[ 1.00000000e+00 -9.18847036e-21 -6.54314172e-17  8.23878461e-23]
 [-9.18847036e-21  1.00000000e+00  3.50686129e-22 -4.41565781e-28]
 [-6.54314172e-17  3.50686129e-22  1.00000000e+00 -1.25914812e-06]
 [ 0.00000000e+00  0.00000000e+00  0.00000000e+00  1.00000000e+00]]"
DATA_2023-04-16_23-36-03/lidar/225.ply,DATA_2023-04-16_23-36-03/lidar/224.ply,"[[ 1.00000000e+00 -9.18847036e-21 -6.54314172e-17  0.00000000e+00]
 [-9.18847036e-21  1.00000000e+00  3.50686129e-22  0.00000000e+00]
 [-6.54314172e-17  3.50686129e-22  1.00000000e+00  0.00000000e+00]
 [ 0.00000000e+00  0.00000000e+00  0.00000000e+00  1.00000000e+00]]"
DATA_2023-04-16_23-36-03/lidar/226.ply,DATA_2023-04-16_23-36-03/lidar/225.ply,"[[ 9.99995982e-01 -2.80901606e-03  3.81719510e-04 -1.61011383e-04]
 [ 2.81115901e-03  9.99979607e-01 -5.73442213e-03  1.11386668e-02]
 [-3.65603642e-04  5.73547216e-03  9.99983485e-01  4.19705839e-06]
 [ 0.00000000e+00  0.00000000e+00  0.00000000e+00  1.00000000e+00]]"
DATA_2023-04-16_23-36-03/lidar/227.ply,DATA_2023-04-16_23-36-03/lidar/226.ply,"[[ 9.99851603e-01 -7.56709540e-03 -1.54761454e-02 -1.12776145e-03]
 [ 7.33341876e-03  9.99859087e-01 -1.51005685e-02  6.66807313e-02]
 [ 1.55882321e-02  1.49848346e-02  9.99766204e-01  8.33065275e-04]
 [ 0.00000000e+00  0.00000000e+00  0.00000000e+00  1.00000000e+00]]"
DATA_2023-04-16_23-36-03/lidar/228.ply,DATA_2023-04-16_23-36-03/lidar/227.ply,"[[ 9.99917571e-01 -8.66166891e-04  1.28102007e-02 -6.25067671e-04]
 [ 8.91159787e-04  9.99997711e-01 -1.94543569e-03  4.31703460e-02]
 [-1.28084863e-02  1.95669126e-03  9.99916053e-01  7.17421307e-05]
 [ 0.00000000e+00  0.00000000e+00  0.00000000e+00  1.00000000e+00]]"
DATA_2023-04-16_23-36-03/lidar/229.ply,DATA_2023-04-16_23-36-03/lidar/228.ply,"[[ 9.99990861e-01 -2.97531225e-04  4.26494329e-03 -6.09957936e-04]
 [ 3.00422471e-04  9.99999726e-01 -6.77285168e-04  4.98769791e-02]
 [-4.26474061e-03  6.78560262e-04  9.99990676e-01  2.92109971e-05]
 [ 0.00000000e+00  0.00000000e+00  0.00000000e+00  1.00000000e+00]]"
DATA_2023-04-16_23-36-03/lidar/230.ply,DATA_2023-04-16_23-36-03/lidar/229.ply,"[[ 9.99953176e-01  5.93206300e-04  9.65890761e-03 -6.46620633e-04]
 [-6.03855295e-04  9.99999213e-01  1.09962607e-03  5.43712600e-02]
 [-9.65824770e-03 -1.10540717e-03  9.99952747e-01 -4.21003037e-05]
 [ 0.00000000e+00  0.00000000e+00  0.00000000e+00  1.00000000e+00]]"
DATA_2023-04-16_23-36-03/lidar/231.ply,DATA_2023-04-16_23-36-03/lidar/230.ply,"[[ 9.99861440e-01  8.58495537e-04  1.66242104e-02 -7.49992688e-04]
 [-8.85461126e-04  9.99998304e-01  1.61477478e-03  5.90521508e-02]
 [-1.66227960e-02 -1.62927112e-03  9.99860504e-01 -6.56163500e-05]
 [ 0.00000000e+00  0.00000000e+00  0.00000000e+00  1.00000000e+00]]"
DATA_2023-04-16_23-36-03/lidar/232.ply,DATA_2023-04-16_23-36-03/lidar/231.ply,"[[ 9.99631976e-01  9.61073798e-04 -2.71106843e-02 -3.82567636e-04]
 [-9.06375447e-04  9.99997529e-01  2.02981023e-03  6.27940207e-02]
 [ 2.71125681e-02 -2.00449076e-03  9.99630377e-01 -1.16664798e-04]
 [ 0.00000000e+00  0.00000000e+00  0.00000000e+00  1.00000000e+00]]"
DATA_2023-04-16_23-36-03/lidar/233.ply,DATA_2023-04-16_23-36-03/lidar/232.ply,"[[ 9.99874181e-01  5.57849991e-04 -1.58527942e-02 -5.95405248e-04]
 [-5.37239480e-04  9.99999005e-01  1.30434741e-03  6.80621187e-02]
 [ 1.58535061e-02 -1.29566655e-03  9.99873486e-01 -8.47606811e-05]
 [ 0.00000000e+00  0.00000000e+00  0.00000000e+00  1.00000000e+00]]"
DATA_2023-04-16_23-36-03/lidar/234.ply,DATA_2023-04-16_23-36-03/lidar/233.ply,"[[ 9.99996415e-01  8.25406636e-04 -2.54740771e-03 -1.57730928e-03]
 [-8.21202033e-04  9.99998300e-01  1.65114670e-03  1.50330760e-01]
 [ 2.54876625e-03 -1.64904885e-03  9.99995392e-01 -2.35185221e-04]
 [ 0.00000000e+00  0.00000000e+00  0.00000000e+00  1.00000000e+00]]"
DATA_2023-04-16_23-36-03/lidar/235.ply,DATA_2023-04-16_23-36-03/lidar/234.ply,"[[ 9.99988361e-01  4.96668446e-04  4.79915633e-03 -9.36128028e-04]
 [-5.01332806e-04  9.99999403e-01  9.70758319e-04  8.12916496e-02]
 [-4.79867132e-03 -9.73152995e-04  9.99988013e-01 -6.43518351e-05]
 [ 0.00000000e+00  0.00000000e+00  0.00000000e+00  1.00000000e+00]]"
DATA_2023-04-16_23-36-03/lidar/236.ply,DATA_2023-04-16_23-36-03/lidar/235.ply,"[[ 9.99999223e-01  2.11568887e-04  1.22839165e-03 -9.73622036e-04]
 [-2.12104680e-04  9.99999882e-01  4.36060746e-04  8.59911080e-02]
 [-1.22829925e-03 -4.36320955e-04  9.99999150e-01 -3.18384868e-05]
 [ 0.00000000e+00  0.00000000e+00  0.00000000e+00  1.00000000e+00]]"
DATA_2023-04-16_23-36-03/lidar/237.ply,DATA_2023-04-16_23-36-03/lidar/236.ply,"[[ 9.99781204e-01  7.65862800e-04  2.09035502e-02 -2.14029339e-03]
 [-7.95500633e-04  9.99998690e-01  1.40955879e-03  1.82912515e-01]
 [-2.09024433e-02 -1.42587917e-03  9.99780503e-01 -1.98214124e-04]
 [ 0.00000000e+00  0.00000000e+00  0.00000000e+00  1.00000000e+00]]"
DATA_2023-04-16_23-36-03/lidar/238.ply,DATA_2023-04-16_23-36-03/lidar/237.ply,"[[ 9.99150027e-01  5.68067189e-04  4.12177315e-02 -1.39335441e-03]
 [-6.04672725e-04  9.99999434e-01  8.75640196e-04  9.61312015e-02]
 [-4.12172108e-02 -8.99819163e-04  9.99149805e-01 -1.72997696e-05]
 [ 0.00000000e+00  0.00000000e+00  0.00000000e+00  1.00000000e+00]]"
DATA_2023-04-16_23-36-03/lidar/239.ply,DATA_2023-04-16_23-36-03/lidar/238.ply,"[[ 9.99141618e-01  3.63004708e-04  4.14233702e-02 -1.41949235e-03]
 [-3.79690740e-04  9.99999850e-01  3.94950161e-04  9.99875700e-02]
 [-4.14232206e-02 -4.10339213e-04  9.99141606e-01  2.35645359e-05]
 [ 0.00000000e+00  0.00000000e+00  0.00000000e+00  1.00000000e+00]]"
DATA_2023-04-16_23-36-03/lidar/240.ply,DATA_2023-04-16_23-36-03/lidar/239.ply,"[[ 9.96147267e-01  6.41897800e-04  8.76938494e-02 -2.68421933e-03]
 [-6.94705130e-04  9.99999595e-01  5.71660109e-04  2.10054375e-01]
 [-8.76934470e-02 -6.30379022e-04  9.96147309e-01  1.22036146e-04]
 [ 0.00000000e+00  0.00000000e+00  0.00000000e+00  1.00000000e+00]]"
DATA_2023-04-16_23-36-03/lidar/241.ply,DATA_2023-04-16_23-36-03/lidar/240.ply,"[[ 9.98993203e-01  2.78128166e-04  4.48609288e-02 -1.32591743e-03]
 [-2.88798446e-04  9.99999932e-01  2.31371442e-04  1.10145954e-01]
 [-4.48608614e-02 -2.44094265e-04  9.98993215e-01  3.65518895e-05]
 [ 0.00000000e+00  0.00000000e+00  0.00000000e+00  1.00000000e+00]]"
DATA_2023-04-16_23-36-03/lidar/242.ply,DATA_2023-04-16_23-36-03/lidar/241.ply,"[[ 9.99312373e-01  3.13734250e-05  3.70780249e-02 -1.23918994e-03]
 [-2.98844606e-05  9.99999999e-01 -4.07118142e-05  1.14025153e-01]
 [-3.70780261e-02  3.95757629e-05  9.99312373e-01  4.97839973e-05]
 [ 0.00000000e+00  0.00000000e+00  0.00000000e+00  1.00000000e+00]]"
DATA_2023-04-16_23-36-03/lidar/243.ply,DATA_2023-04-16_23-36-03/lidar/242.ply,"[[ 9.97365125e-01  8.83537580e-05  7.25451539e-02 -2.28455645e-03]
 [-9.16694294e-05  9.99999995e-01  4.23754611e-05  2.38380643e-01]
 [-7.25451498e-02 -4.89139800e-05  9.97365128e-01  1.56004878e-04]
 [ 0.00000000e+00  0.00000000e+00  0.00000000e+00  1.00000000e+00]]"
DATA_2023-04-16_23-36-03/lidar/244.ply,DATA_2023-04-16_23-36-03/lidar/243.ply,"[[ 9.99373469e-01  9.75478469e-05  3.53929249e-02 -1.04003306e-03]
 [-1.01156801e-04  9.99999990e-01  1.00177562e-04  1.24363051e-01]
 [-3.53929148e-02 -1.03695033e-04  9.99373469e-01  2.52827552e-05]
 [ 0.00000000e+00  0.00000000e+00  0.00000000e+00  1.00000000e+00]]"
DATA_2023-04-16_23-36-03/lidar/245.ply,DATA_2023-04-16_23-36-03/lidar/244.ply,"[[ 9.99609089e-01 -9.75222839e-05  2.79581613e-02 -9.50591353e-04]
 [ 9.93356528e-05  9.99999993e-01 -6.34712044e-05  1.28219510e-01]
 [-2.79581549e-02  6.62236351e-05  9.99609092e-01  3.33548366e-05]
 [ 0.00000000e+00  0.00000000e+00  0.00000000e+00  1.00000000e+00]]"
DATA_2023-04-16_23-36-03/lidar/246.ply,DATA_2023-04-16_23-36-03/lidar/245.ply,"[[ 9.99531341e-01  1.00231611e-04  3.06118905e-02 -8.94260260e-04]
 [-1.03760459e-04  9.99999988e-01  1.13688510e-04  1.31397340e-01]
 [-3.06118787e-02 -1.16811533e-04  9.99531340e-01  1.38163396e-05]
 [ 0.00000000e+00  0.00000000e+00  0.00000000e+00  1.00000000e+00]]"
DATA_2023-04-16_23-36-03/lidar/247.ply,DATA_2023-04-16_23-36-03/lidar/246.ply,"[[ 9.98786827e-01  4.38327953e-05  4.92430010e-02 -1.53485446e-03]
 [-4.92678049e-05  9.99999993e-01  1.09157433e-04  2.73422316e-01]
 [-4.92429959e-02 -1.11451100e-04  9.98786822e-01  4.67833771e-05]
 [ 0.00000000e+00  0.00000000e+00  0.00000000e+00  1.00000000e+00]]"
DATA_2023-04-16_23-36-03/lidar/248.ply,DATA_2023-04-16_23-36-03/lidar/247.ply,"[[ 9.99818978e-01 -3.99471362e-05  1.90265580e-02 -6.46423959e-04]
 [ 3.97134660e-05  9.99999999e-01  1.26591040e-05  1.41921971e-01]
 [-1.90265585e-02 -1.19012019e-05  9.99818979e-01  1.04281372e-05]
 [ 0.00000000e+00  0.00000000e+00  0.00000000e+00  1.00000000e+00]]"
DATA_2023-04-16_23-36-03/lidar/249.ply,DATA_2023-04-16_23-36-03/lidar/248.ply,"[[ 9.99774103e-01  1.38076750e-04  2.12537971e-02 -6.05406529e-04]
 [-1.40985186e-04  9.99999981e-01  1.35344788e-04  1.45011988e-01]
 [-2.12537780e-02 -1.38310684e-04  9.99774103e-01 -4.89136970e-06]
 [ 0.00000000e+00  0.00000000e+00  0.00000000e+00  1.00000000e+00]]"
DATA_2023-04-16_23-36-03/lidar/250.ply,DATA_2023-04-16_23-36-03/lidar/249.ply,"[[ 9.99890354e-01 -2.08449996e-05  1.48080971e-02 -5.14203906e-04]
 [ 2.04518886e-05  9.99999999e-01  2.66984663e-05  1.48532857e-01]
 [-1.48080976e-02 -2.63926853e-05  9.99890354e-01  4.03060042e-06]
 [ 0.00000000e+00  0.00000000e+00  0.00000000e+00  1.00000000e+00]]"
DATA_2023-04-16_23-36-03/lidar/251.ply,DATA_2023-04-16_23-36-03/lidar/250.ply,"[[ 9.99857462e-01  1.46599215e-04  1.68829641e-02 -4.65958513e-04]
 [-1.48847957e-04  9.99999980e-01  1.31939427e-04  1.51554178e-01]
 [-1.68829444e-02 -1.34433615e-04  9.99857464e-01 -1.00323707e-05]
 [ 0.00000000e+00  0.00000000e+00  0.00000000e+00  1.00000000e+00]]"
DATA_2023-04-16_23-36-03/lidar/252.ply,DATA_2023-04-16_23-36-03/lidar/251.ply,"[[ 9.99721402e-01  1.17319461e-04  2.36030704e-02 -7.33583664e-04]
 [-1.20784254e-04  9.99999982e-01  1.45368581e-04  3.12961666e-01]
 [-2.36030529e-02 -1.48178961e-04  9.99721398e-01 -2.58984565e-05]
 [ 0.00000000e+00  0.00000000e+00  0.00000000e+00  1.00000000e+00]]"
DATA_2023-04-16_23-36-03/lidar/253.ply,DATA_2023-04-16_23-36-03/lidar/252.ply,"[[ 9.99974664e-01 -4.89241717e-05  7.11816151e-03 -3.05434674e-04]
 [ 4.88696628e-05  9.99999999e-01  7.83166214e-06  1.61411271e-01]
 [-7.11816189e-03 -7.48360157e-06  9.99974666e-01  1.06277863e-06]
 [ 0.00000000e+00  0.00000000e+00  0.00000000e+00  1.00000000e+00]]"
DATA_2023-04-16_23-36-03/lidar/254.ply,DATA_2023-04-16_23-36-03/lidar/253.ply,"[[ 9.99962706e-01  7.06763929e-07  8.63634954e-03 -2.74526712e-04]
 [-1.01150820e-06  9.99999999e-01  3.52818686e-05  1.64566040e-01]
 [-8.63634951e-03 -3.52892886e-05  9.99962705e-01 -2.86356350e-06]
 [ 0.00000000e+00  0.00000000e+00  0.00000000e+00  1.00000000e+00]]"
DATA_2023-04-16_23-36-03/lidar/255.ply,DATA_2023-04-16_23-36-03/lidar/254.ply,"[[ 9.99994400e-01 -1.81338424e-04  3.34170860e-03 -2.59378919e-04]
 [ 1.81569495e-04  9.99999981e-01 -6.88443052e-05  1.68159440e-01]
 [-3.34169605e-03  6.94506721e-05  9.99994414e-01  1.10704153e-05]
 [ 0.00000000e+00  0.00000000e+00  0.00000000e+00  1.00000000e+00]]"
DATA_2023-04-16_23-36-03/lidar/256.ply,DATA_2023-04-16_23-36-03/lidar/255.ply,"[[ 9.99992484e-01 -1.01548103e-04  3.87573342e-03 -2.00514899e-04]
 [ 1.01632562e-04  9.99999995e-01 -2.15948570e-05  1.71436290e-01]
 [-3.87573120e-03  2.19885954e-05  9.99992489e-01  4.02156963e-06]
 [ 0.00000000e+00  0.00000000e+00  0.00000000e+00  1.00000000e+00]]"
DATA_2023-04-16_23-36-03/lidar/257.ply,DATA_2023-04-16_23-36-03/lidar/256.ply,"[[ 9.99998170e-01 -1.47939444e-04  1.90736763e-03 -1.93718712e-04]
 [ 1.48027071e-04  9.99999988e-01 -4.58001200e-05  1.74873325e-01]
 [-1.90736083e-03  4.60823782e-05  9.99998180e-01  7.50141987e-06]
 [ 0.00000000e+00  0.00000000e+00  0.00000000e+00  1.00000000e+00]]"
DATA_2023-04-16_23-36-03/lidar/258.ply,DATA_2023-04-16_23-36-03/lidar/257.ply,"[[ 9.99998459e-01 -6.25086234e-04  1.64048622e-03 -5.23201445e-04]
 [ 6.25553903e-04  9.99999764e-01 -2.84582030e-04  3.60984532e-01]
 [-1.64030795e-03  2.85607804e-04  9.99998614e-01  9.81711140e-05]
 [ 0.00000000e+00  0.00000000e+00  0.00000000e+00  1.00000000e+00]]"
DATA_2023-04-16_23-36-03/lidar/259.ply,DATA_2023-04-16_23-36-03/lidar/258.ply,"[[ 9.99999819e-01 -4.87642426e-04  3.51059743e-04 -2.51233338e-04]
 [ 4.87728489e-04  9.99999851e-01 -2.45107185e-04  1.86641588e-01]
 [-3.50940166e-04  2.45278362e-04  9.99999908e-01  4.10670243e-05]
 [ 0.00000000e+00  0.00000000e+00  0.00000000e+00  1.00000000e+00]]"
DATA_2023-04-16_23-36-03/lidar/260.ply,DATA_2023-04-16_23-36-03/lidar/259.ply,"[[ 9.99999782e-01 -6.11033754e-04  2.51915909e-04 -2.61752508e-04]
 [ 6.11113824e-04  9.99999763e-01 -3.17887920e-04  1.91139089e-01]
 [-2.51721609e-04  3.18041800e-04  9.99999918e-01  5.47615134e-05]
 [ 0.00000000e+00  0.00000000e+00  0.00000000e+00  1.00000000e+00]]"
DATA_2023-04-16_23-36-03/lidar/261.ply,DATA_2023-04-16_23-36-03/lidar/260.ply,"[[ 9.99999775e-01 -6.40435898e-04  1.98512565e-04 -2.70350278e-04]
 [ 6.40502903e-04  9.99999738e-01 -3.37654816e-04  1.95789195e-01]
 [-1.98296266e-04  3.37781888e-04  9.99999923e-01  5.96398539e-05]
 [ 0.00000000e+00  0.00000000e+00  0.00000000e+00  1.00000000e+00]]"
DATA_2023-04-16_23-36-03/lidar/262.ply,DATA_2023-04-16_23-36-03/lidar/261.ply,"[[ 9.99999067e-01 -1.33982421e-03  2.67568509e-04 -8.42124283e-04]
 [ 1.34001603e-03  9.99998844e-01 -7.18026713e-04  4.06451320e-01]
 [-2.66606170e-04  7.18384589e-04  9.99999706e-01  2.78220944e-04]
 [ 0.00000000e+00  0.00000000e+00  0.00000000e+00  1.00000000e+00]]"
DATA_2023-04-16_23-36-03/lidar/263.ply,DATA_2023-04-16_23-36-03/lidar/262.ply,"[[ 9.99999752e-01 -6.83326157e-04  1.67992878e-04 -2.96837650e-04]
 [ 6.83388359e-04  9.99999698e-01 -3.70485719e-04  2.11097552e-01]
 [-1.67739665e-04  3.70600432e-04  9.99999917e-01  7.10868513e-05]
 [ 0.00000000e+00  0.00000000e+00  0.00000000e+00  1.00000000e+00]]"
DATA_2023-04-16_23-36-03/lidar/264.ply,DATA_2023-04-16_23-36-03/lidar/263.ply,"[[ 9.99999763e-01 -6.72612539e-04  1.45097086e-04 -2.90664321e-04]
 [ 6.72665764e-04  9.99999706e-01 -3.67086273e-04  2.16625055e-01]
 [-1.44850137e-04  3.67183788e-04  9.99999922e-01  7.25051674e-05]
 [ 0.00000000e+00  0.00000000e+00  0.00000000e+00  1.00000000e+00]]"
DATA_2023-04-16_23-36-03/lidar/265.ply,DATA_2023-04-16_23-36-03/lidar/264.ply,"[[ 9.99999760e-01 -6.77225494e-04  1.45095965e-04 -3.03214645e-04]
 [ 6.77279183e-04  9.99999702e-01 -3.70296893e-04  2.22415757e-01]
 [-1.44845148e-04  3.70395075e-04  9.99999921e-01  7.51176628e-05]
 [ 0.00000000e+00  0.00000000e+00  0.00000000e+00  1.00000000e+00]]"
DATA_2023-04-16_23-36-03/lidar/266.ply,DATA_2023-04-16_23-36-03/lidar/265.ply,"[[ 9.99999051e-01 -1.34636790e-03  2.90433701e-04 -9.13260058e-04]
 [ 1.34658257e-03  9.99998819e-01 -7.40207692e-04  4.62977437e-01]
 [-2.89436767e-04  7.40598083e-04  9.99999684e-01  3.28736059e-04]
 [ 0.00000000e+00  0.00000000e+00  0.00000000e+00  1.00000000e+00]]"
DATA_2023-04-16_23-36-03/lidar/267.ply,DATA_2023-04-16_23-36-03/lidar/266.ply,"[[ 9.99999767e-01 -6.66339532e-04  1.45087880e-04 -3.28454032e-04]
 [ 6.66392698e-04  9.99999711e-01 -3.66704276e-04  2.41027653e-01]
 [-1.44843488e-04  3.66800876e-04  9.99999922e-01  8.14141537e-05]
 [ 0.00000000e+00  0.00000000e+00  0.00000000e+00  1.00000000e+00]]"
DATA_2023-04-16_23-36-03/lidar/268.ply,DATA_2023-04-16_23-36-03/lidar/267.ply,"[[ 9.99999800e-01 -6.16017607e-04  1.45069436e-04 -3.43236229e-04]
 [ 6.16066929e-04  9.99999752e-01 -3.40186454e-04  2.47558417e-01]
 [-1.44859839e-04  3.40275759e-04  9.99999932e-01  7.77046511e-05]
 [ 0.00000000e+00  0.00000000e+00  0.00000000e+00  1.00000000e+00]]"
DATA_2023-04-16_23-36-03/lidar/269.ply,DATA_2023-04-16_23-36-03/lidar/268.ply,"[[ 9.99999826e-01 -5.75379442e-04  1.29796370e-04 -3.52214394e-04]
 [ 5.75420562e-04  9.99999784e-01 -3.16992254e-04  2.54173044e-01]
 [-1.29613951e-04  3.17066886e-04  9.99999941e-01  2.75547555e-04]
 [ 0.00000000e+00  0.00000000e+00  0.00000000e+00  1.00000000e+00]]"
DATA_2023-04-16_23-36-03/lidar/270.ply,DATA_2023-04-16_23-36-03/lidar/269.ply,"[[ 9.99999300e-01  1.17086853e-03  1.68215089e-04  1.03722496e-04]
 [-1.17097713e-03  9.99999105e-01  6.47003470e-04  2.57988041e-01]
 [-1.67457383e-04 -6.47199993e-04  9.99999777e-01 -6.81740528e-05]
 [ 0.00000000e+00  0.00000000e+00  0.00000000e+00  1.00000000e+00]]"
DATA_2023-04-16_23-36-03/lidar/271.ply,DATA_2023-04-16_23-36-03/lidar/270.ply,"[[ 9.99957463e-01  9.22202496e-03  1.60741293e-04  4.29737132e-03]
 [-9.22272400e-03  9.99944504e-01  5.09212411e-03  5.08154640e-01]
 [-1.13772676e-04 -5.09338999e-03  9.99987022e-01 -2.48172659e-03]
 [ 0.00000000e+00  0.00000000e+00  0.00000000e+00  1.00000000e+00]]"
DATA_2023-04-16_23-36-03/lidar/272.ply,DATA_2023-04-16_23-36-03/lidar/271.ply,"[[ 9.99994340e-01  3.36452980e-03  2.59947577e-05  6.52819115e-04]
 [-3.36457230e-03  9.99992614e-01  1.85793399e-03  2.52985725e-01]
 [-1.97434914e-05 -1.85801094e-03  9.99998274e-01 -4.60130423e-04]
 [ 0.00000000e+00  0.00000000e+00  0.00000000e+00  1.00000000e+00]]"
DATA_2023-04-16_23-36-03/lidar/273.ply,DATA_2023-04-16_23-36-03/lidar/272.ply,"[[ 9.99999229e-01  1.24143891e-03  2.33088058e-05  1.25686377e-04]
 [-1.24145461e-03  9.99998994e-01  6.86385513e-04  2.54882783e-01]
 [-2.24566766e-05 -6.86413921e-04  9.99999764e-01 -1.89828236e-04]
 [ 0.00000000e+00  0.00000000e+00  0.00000000e+00  1.00000000e+00]]"
DATA_2023-04-16_23-36-03/lidar/274.ply,DATA_2023-04-16_23-36-03/lidar/273.ply,"[[ 1.00000000e+00  1.04387495e-19  2.40336116e-17 -1.98364258e-04]
 [ 1.04387495e-19  1.00000000e+00  2.07067552e-20  2.57015228e-01]
 [ 2.40336116e-17  2.07067552e-20  1.00000000e+00 -2.47191638e-05]
 [ 0.00000000e+00  0.00000000e+00  0.00000000e+00  1.00000000e+00]]"
DATA_2023-04-16_23-36-03/lidar/275.ply,DATA_2023-04-16_23-36-03/lidar/274.ply,"[[ 9.99994790e-01 -3.21787053e-03  2.54636556e-04 -2.08365721e-03]
 [ 3.21831743e-03  9.99993247e-01 -1.77454693e-03  5.26599013e-01]
 [-2.48924574e-04  1.77535719e-03  9.99998393e-01  8.65922518e-04]
 [ 0.00000000e+00  0.00000000e+00  0.00000000e+00  1.00000000e+00]]"
DATA_2023-04-16_23-36-03/lidar/276.ply,DATA_2023-04-16_23-36-03/lidar/275.ply,"[[ 9.99997008e-01 -2.44020672e-03  1.69496415e-04 -8.60065825e-04]
 [ 2.44043258e-03  9.99996117e-01 -1.34534506e-03  2.71162452e-01]
 [-1.66212836e-04  1.34575468e-03  9.99999081e-01  3.29018531e-04]
 [ 0.00000000e+00  0.00000000e+00  0.00000000e+00  1.00000000e+00]]"
DATA_2023-04-16_23-36-03/lidar/277.ply,DATA_2023-04-16_23-36-03/lidar/276.ply,"[[ 9.99997712e-01 -2.13323522e-03  1.61481041e-04 -7.80612708e-04]
 [ 2.13342381e-03  9.99997032e-01 -1.17683520e-03  2.76514767e-01]
 [-1.58970095e-04  1.17717702e-03  9.99999294e-01  2.96470601e-04]
 [ 0.00000000e+00  0.00000000e+00  0.00000000e+00  1.00000000e+00]]"
DATA_2023-04-16_23-36-03/lidar/278.ply,DATA_2023-04-16_23-36-03/lidar/277.ply,"[[ 9.99997362e-01 -2.28901236e-03  1.92191185e-04 -8.54367458e-04]
 [ 2.28925314e-03  9.99996583e-01 -1.26210519e-03  2.83251312e-01]
 [-1.89301554e-04  1.26254183e-03  9.99999185e-01  3.29657673e-04]
 [ 0.00000000e+00  0.00000000e+00  0.00000000e+00  1.00000000e+00]]"
DATA_2023-04-16_23-36-03/lidar/279.ply,DATA_2023-04-16_23-36-03/lidar/278.ply,"[[ 9.99994028e-01 -3.41862257e-03  5.06781890e-04 -2.39204636e-03]
 [ 3.41957131e-03  9.99992380e-01 -1.88319085e-03  5.85882188e-01]
 [-5.00340110e-04  1.88491258e-03  9.99998098e-01  1.06521250e-03]
 [ 0.00000000e+00  0.00000000e+00  0.00000000e+00  1.00000000e+00]]"
DATA_2023-04-16_23-36-03/lidar/280.ply,DATA_2023-04-16_23-36-03/lidar/279.ply,"[[ 9.99999343e-01 -1.09798600e-03  3.28405685e-04 -5.31080327e-04]
 [ 1.09818468e-03  9.99999214e-01 -6.05418806e-04  3.03020028e-01]
 [-3.27740686e-04  6.05779059e-04  9.99999763e-01  1.71574366e-04]
 [ 0.00000000e+00  0.00000000e+00  0.00000000e+00  1.00000000e+00]]"
DATA_2023-04-16_23-36-03/lidar/281.ply,DATA_2023-04-16_23-36-03/lidar/280.ply,"[[ 9.99999382e-01 -1.10710837e-03  9.95294371e-05 -5.49693927e-04]
 [ 1.10716875e-03  9.99999202e-01 -6.08602251e-04  3.10447224e-01]
 [-9.88555690e-05  6.08712071e-04  9.99999810e-01  1.77320427e-04]
 [ 0.00000000e+00  0.00000000e+00  0.00000000e+00  1.00000000e+00]]"
DATA_2023-04-16_23-36-03/lidar/282.ply,DATA_2023-04-16_23-36-03/lidar/281.ply,"[[ 9.99999034e-01 -1.17625666e-03  7.40443928e-04 -1.14377343e-03]
 [ 1.17673595e-03  9.99999098e-01 -6.47195216e-04  6.41581460e-01]
 [-7.39681992e-04  6.48065898e-04  9.99999516e-01  4.03906886e-04]
 [ 0.00000000e+00  0.00000000e+00  0.00000000e+00  1.00000000e+00]]"
DATA_2023-04-16_23-36-03/lidar/283.ply,DATA_2023-04-16_23-36-03/lidar/282.ply,"[[ 9.99999762e-01 -1.90377779e-04  6.63769450e-04 -2.84293535e-04]
 [ 1.90447509e-04  9.99999976e-01 -1.04989922e-04  3.31130932e-01]
 [-6.63749447e-04  1.05116311e-04  9.99999774e-01  3.31990463e-05]
 [ 0.00000000e+00  0.00000000e+00  0.00000000e+00  1.00000000e+00]]"
DATA_2023-04-16_23-36-03/lidar/284.ply,DATA_2023-04-16_23-36-03/lidar/283.ply,"[[ 9.99999927e-01 -2.81696011e-04 -2.59374391e-04 -3.39502817e-04]
 [ 2.81655995e-04  9.99999948e-01 -1.54302098e-04  3.38531408e-01]
 [ 2.59417844e-04  1.54229032e-04  9.99999954e-01  4.92111246e-05]
 [ 0.00000000e+00  0.00000000e+00  0.00000000e+00  1.00000000e+00]]"
DATA_2023-04-16_23-36-03/lidar/285.ply,DATA_2023-04-16_23-36-03/lidar/284.ply,"[[ 1.00000000e+00 -2.14615304e-18  5.43383610e-17 -2.44140625e-04]
 [-2.14615304e-18  1.00000000e+00  1.31160274e-19  3.45077515e-01]
 [ 5.43383610e-17  1.31160274e-19  1.00000000e+00  8.00937414e-07]
 [ 0.00000000e+00  0.00000000e+00  0.00000000e+00  1.00000000e+00]]"
DATA_2023-04-16_23-36-03/lidar/286.ply,DATA_2023-04-16_23-36-03/lidar/285.ply,"[[ 9.99999107e-01  1.53426323e-04  1.32751865e-03 -3.94427446e-04]
 [-1.53535185e-04  9.99999985e-01  8.19025025e-05  7.11158819e-01]
 [-1.32750606e-03 -8.21062502e-05  9.99999115e-01 -5.64634446e-05]
 [ 0.00000000e+00  0.00000000e+00  0.00000000e+00  1.00000000e+00]]"
DATA_2023-04-16_23-36-03/lidar/287.ply,DATA_2023-04-16_23-36-03/lidar/286.ply,"[[ 1.00000000e+00 -2.75862455e-18 -1.75545585e-18 -2.44140625e-04]
 [-2.75862455e-18  1.00000000e+00  6.71285189e-19  3.65909576e-01]
 [-1.75545585e-18  6.71285189e-19  1.00000000e+00  2.67289579e-07]
 [ 0.00000000e+00  0.00000000e+00  0.00000000e+00  1.00000000e+00]]"
DATA_2023-04-16_23-36-03/lidar/288.ply,DATA_2023-04-16_23-36-03/lidar/287.ply,"[[ 9.99999697e-01  3.81224153e-04  6.79049832e-04 -2.09453195e-04]
 [-3.81364172e-04  9.99999906e-01  2.06081526e-04  7.51407743e-01]
 [-6.78971205e-04 -2.06340429e-04  9.99999748e-01 -1.50932550e-04]
 [ 0.00000000e+00  0.00000000e+00  0.00000000e+00  1.00000000e+00]]"
DATA_2023-04-16_23-36-03/lidar/289.ply,DATA_2023-04-16_23-36-03/lidar/288.ply,"[[ 9.99999899e-01  3.05991457e-04  3.28084693e-04 -1.26215458e-04]
 [-3.06046169e-04  9.99999939e-01  1.66724169e-04  3.85383658e-01]
 [-3.28033657e-04 -1.66824562e-04  9.99999932e-01 -6.10071497e-05]
 [ 0.00000000e+00  0.00000000e+00  0.00000000e+00  1.00000000e+00]]"
DATA_2023-04-16_23-36-03/lidar/290.ply,DATA_2023-04-16_23-36-03/lidar/289.ply,"[[ 9.99999945e-01  1.14308147e-04  3.12806924e-04 -1.99312033e-04]
 [-1.14327572e-04  9.99999992e-01  6.20819924e-05  3.92169977e-01]
 [-3.12799825e-04 -6.21177514e-05  9.99999949e-01 -2.31397531e-05]
 [ 0.00000000e+00  0.00000000e+00  0.00000000e+00  1.00000000e+00]]"
DATA_2023-04-16_23-36-03/lidar/291.ply,DATA_2023-04-16_23-36-03/lidar/290.ply,"[[ 9.99999899e-01  3.06492670e-04  3.28084585e-04 -1.22080954e-04]
 [-3.06547318e-04  9.99999939e-01  1.66528304e-04  3.98243002e-01]
 [-3.28033525e-04 -1.66628861e-04  9.99999932e-01 -6.29217308e-05]
 [ 0.00000000e+00  0.00000000e+00  0.00000000e+00  1.00000000e+00]]"
DATA_2023-04-16_23-36-03/lidar/292.ply,DATA_2023-04-16_23-36-03/lidar/291.ply,"[[ 9.99999945e-01  1.13219845e-04  3.12806864e-04 -2.05930386e-04]
 [-1.13239247e-04  9.99999992e-01  6.20092404e-05  4.04869105e-01]
 [-3.12799841e-04 -6.20446590e-05  9.99999949e-01 -2.37443437e-05]
 [ 0.00000000e+00  0.00000000e+00  0.00000000e+00  1.00000000e+00]]"
DATA_2023-04-16_23-36-03/lidar/293.ply,DATA_2023-04-16_23-36-03/lidar/292.ply,"[[ 9.99999710e-01  4.46139627e-04  6.18027494e-04 -1.18842656e-04]
 [-4.46288779e-04  9.99999871e-01  2.41219420e-04  8.28071707e-01]
 [-6.17919797e-04 -2.41495169e-04  9.99999780e-01 -1.94981569e-04]
 [ 0.00000000e+00  0.00000000e+00  0.00000000e+00  1.00000000e+00]]"
DATA_2023-04-16_23-36-03/lidar/294.ply,DATA_2023-04-16_23-36-03/lidar/293.ply,"[[ 9.99999897e-01  3.13174807e-04  3.28085138e-04 -1.19271963e-04]
 [-3.13230398e-04  9.99999937e-01  1.69401220e-04  4.23076682e-01]
 [-3.28032065e-04 -1.69503969e-04  9.99999932e-01 -6.83118113e-05]
 [ 0.00000000e+00  0.00000000e+00  0.00000000e+00  1.00000000e+00]]"
DATA_2023-04-16_23-36-03/lidar/295.ply,DATA_2023-04-16_23-36-03/lidar/294.ply,"[[ 9.99999944e-01  1.38819120e-04  3.05178543e-04 -1.84535281e-04]
 [-1.38841981e-04  9.99999988e-01  7.48900136e-05  4.29370909e-01]
 [-3.05168144e-04 -7.49323810e-05  9.99999951e-01 -3.06496749e-05]
 [ 0.00000000e+00  0.00000000e+00  0.00000000e+00  1.00000000e+00]]"
DATA_2023-04-16_23-36-03/lidar/296.ply,DATA_2023-04-16_23-36-03/lidar/295.ply,"[[ 9.99999300e-01  1.00864535e-03  6.18238532e-04  3.79339386e-04]
 [-1.00898316e-03  9.99999342e-01  5.46350203e-04  8.75305113e-01]
 [-6.17687052e-04 -5.46973612e-04  9.99999660e-01 -4.67814653e-04]
 [ 0.00000000e+00  0.00000000e+00  0.00000000e+00  1.00000000e+00]]"
DATA_2023-04-16_23-36-03/lidar/297.ply,DATA_2023-04-16_23-36-03/lidar/296.ply,"[[ 9.99995024e-01  3.14621564e-03  2.31506492e-04  1.14083497e-03]
 [-3.14660549e-03  9.99993599e-01  1.70331329e-03  4.40198813e-01]
 [-2.26146019e-04 -1.70403327e-03  9.99998523e-01 -7.16721239e-04]
 [ 0.00000000e+00  0.00000000e+00  0.00000000e+00  1.00000000e+00]]"
DATA_2023-04-16_23-36-03/lidar/298.ply,DATA_2023-04-16_23-36-03/lidar/297.ply,"[[ 9.99995861e-01  2.86973449e-03  2.08174412e-04  1.02249790e-03]
 [-2.87005443e-03  9.99994675e-01  1.55319472e-03  4.41374130e-01]
 [-2.03716047e-04 -1.55378576e-03  9.99998772e-01 -6.55236051e-04]
 [ 0.00000000e+00  0.00000000e+00  0.00000000e+00  1.00000000e+00]]"
DATA_2023-04-16_23-36-03/lidar/299.ply,DATA_2023-04-16_23-36-03/lidar/298.ply,"[[ 9.99877594e-01 -1.56146525e-02  9.89277258e-04 -1.52084922e-02]
 [ 1.56224468e-02  9.99842396e-01 -8.43342108e-03  9.42067747e-01]
 [-8.57436405e-04  8.44784371e-03  9.99963949e-01  7.79450790e-03]
 [ 0.00000000e+00  0.00000000e+00  0.00000000e+00  1.00000000e+00]]"
DATA_2023-04-16_23-36-03/lidar/300.ply,DATA_2023-04-16_23-36-03/lidar/299.ply,"[[ 9.99985982e-01 -5.25962833e-03  6.10293267e-04 -2.87609721e-03]
 [ 5.26134034e-03  9.99982131e-01 -2.83836116e-03  4.93138665e-01]
 [-5.95353636e-04  2.84153233e-03  9.99995786e-01  1.34550526e-03]
 [ 0.00000000e+00  0.00000000e+00  0.00000000e+00  1.00000000e+00]]"
DATA_2023-04-16_23-36-03/lidar/301.ply,DATA_2023-04-16_23-36-03/lidar/300.ply,"[[ 9.99998964e-01 -1.34222397e-03  5.19316442e-04 -9.79407949e-04]
 [ 1.34260035e-03  9.99998836e-01 -7.25082231e-04  5.02318352e-01]
 [-5.18342615e-04  7.25778714e-04  9.99999602e-01  3.50425758e-04]
 [ 0.00000000e+00  0.00000000e+00  0.00000000e+00  1.00000000e+00]]"
DATA_2023-04-16_23-36-03/lidar/302.ply,DATA_2023-04-16_23-36-03/lidar/301.ply,"[[ 9.99998357e-01  1.74142690e-03  5.04310157e-04  5.95992141e-04]
 [-1.74189771e-03  9.99998046e-01  9.34658976e-04  5.08719926e-01]
 [-5.02681531e-04 -9.35535896e-04  9.99999436e-01 -4.57393832e-04]
 [ 0.00000000e+00  0.00000000e+00  0.00000000e+00  1.00000000e+00]]"
DATA_2023-04-16_23-36-03/lidar/303.ply,DATA_2023-04-16_23-36-03/lidar/302.ply,"[[ 9.99995427e-01  2.99141397e-03  4.44828146e-04  1.23464008e-03]
 [-2.99212481e-03  9.99994234e-01  1.60600980e-03  5.14737986e-01]
 [-4.40021341e-04 -1.60733343e-03  9.99998611e-01 -7.95600566e-04]
 [ 0.00000000e+00  0.00000000e+00  0.00000000e+00  1.00000000e+00]]"
DATA_2023-04-16_23-36-03/lidar/304.ply,DATA_2023-04-16_23-36-03/lidar/303.ply,"[[ 9.99969487e-01  7.77373264e-03  7.71308508e-04  7.57601441e-03]
 [-7.77688291e-03  9.99961069e-01  4.16904221e-03  1.04223834e+00]
 [-7.38869461e-04 -4.17491337e-03  9.99991012e-01 -4.26873461e-03]
 [ 0.00000000e+00  0.00000000e+00  0.00000000e+00  1.00000000e+00]]"
DATA_2023-04-16_23-36-03/lidar/305.ply,DATA_2023-04-16_23-36-03/lidar/304.ply,"[[ 0.99618453  0.01450301  0.08605834  0.00933103]
 [-0.01476185  0.99988822  0.00237203  0.5224378 ]
 [-0.08601431 -0.00363336  0.99628728 -0.00199358]
 [ 0.          0.          0.          1.        ]]"
DATA_2023-04-16_23-36-03/lidar/306.ply,DATA_2023-04-16_23-36-03/lidar/305.ply,"[[ 0.96001784  0.02126739  0.27912978  0.01731298]
 [-0.02313418  0.9997266   0.00339501  0.52023857]
 [-0.27898127 -0.00971671  0.96024738 -0.00680872]
